       0     0     0     0     0     0     0    0    0    1
       1     0     0     0     0     0     0    0    2    1
       2     0     0     0     0     0     0    2    0    1
       3     0     0     0     0     0     0    2    2    1
       4     0     0     0     0     0     0    2    2    3
       5     1     0     0     1     0     0    0    0    1
       6     1     0     0     1     0     0    0    2    1
       7     1     0     0     1     0     0    2    0    1
       8     1     0     0     1     0     0    2    2    1
       9     1     0     0     1     0     0    2    2    3
      10     1     1     0     1     1     0    0    0    1
      11     1     1     0     1     1     0    0    2    1
      12     1     1     0     1     1     0    2    0    1
      13     1     1     0     1     1     0    2    2    1
      14     1     1     0     1     1     0    2    2    3
      15     1     1     1     1     1     1    0    0    1
      16     1     1     1     1     1     1    0    2    1
      17     1     1     1     1     1     1    2    0    1
      18     1     1     1     1     1     1    2    2    1
      19     1     1     1     1     1     1    2    2    3
      20     2     0     0     2     0     0    0    0    1
      21     2     0     0     2     0     0    0    2    1
      22     2     0     0     2     0     0    2    0    1
      23     2     0     0     2     0     0    2    2    1
      24     2     0     0     2     0     0    2    2    3
      25     2     1     0     2     1     0    0    0    1
      26     2     1     0     2     1     0    0    2    1
      27     2     1     0     2     1     0    2    0    1
      28     2     1     0     2     1     0    2    2    1
      29     2     1     0     2     1     0    2    2    3
      30     2     1     1     2     1     1    0    0    1
      31     2     1     1     2     1     1    0    2    1
      32     2     1     1     2     1     1    2    0    1
      33     2     1     1     2     1     1    2    2    1
      34     2     1     1     2     1     1    2    2    3
      35     2     2     0     0     0     0    0    0    1
      36     2     2     0     0     0     0    0    2    1
      37     2     2     0     0     0     0    2    0    1
      38     2     2     0     0     0     0    2    2    1
      39     2     2     0     0     0     0    2    2    3
      40     2     2     0     2     2     0    0    0    1
      41     2     2     0     2     2     0    0    2    1
      42     2     2     0     2     2     0    2    0    1
      43     2     2     0     2     2     0    2    2    1
      44     2     2     0     2     2     0    2    2    3
      45     2     2     1     1     0     0    0    0    1
      46     2     2     1     1     0     0    0    2    1
      47     2     2     1     1     0     0    2    0    1
      48     2     2     1     1     0     0    2    2    1
      49     2     2     1     1     0     0    2    2    3
      50     2     2     1     2     2     1    0    0    1
      51     2     2     1     2     2     1    0    2    1
      52     2     2     1     2     2     1    2    0    1
      53     2     2     1     2     2     1    2    2    1
      54     2     2     1     2     2     1    2    2    3
      55     3     0     0     2     1     0    0    0    1
      56     3     0     0     2     1     0    0    2    1
      57     3     0     0     2     1     0    2    0    1
      58     3     0     0     2     1     0    2    2    1
      59     3     0     0     2     1     0    2    2    3
      60     3     0     0     3     0     0    0    0    1
      61     3     0     0     3     0     0    0    2    1
      62     3     0     0     3     0     0    2    0    1
      63     3     0     0     3     0     0    2    2    1
      64     3     0     0     3     0     0    2    2    3
      65     3     1     0     2     1     1    0    0    1
      66     3     1     0     2     1     1    0    2    1
      67     3     1     0     2     1     1    2    0    1
      68     3     1     0     2     1     1    2    2    1
      69     3     1     0     2     1     1    2    2    3
      70     3     1     0     3     1     0    0    0    1
      71     3     1     0     3     1     0    0    2    1
      72     3     1     0     3     1     0    2    0    1
      73     3     1     0     3     1     0    2    2    1
      74     3     1     0     3     1     0    2    2    3
      75     3     1     1     3     1     1    0    0    1
      76     3     1     1     3     1     1    0    2    1
      77     3     1     1     3     1     1    2    0    1
      78     3     1     1     3     1     1    2    2    1
      79     3     1     1     3     1     1    2    2    3
      80     3     2     0     1     0     0    0    0    1
      81     3     2     0     1     0     0    0    2    1
      82     3     2     0     1     0     0    2    0    1
      83     3     2     0     1     0     0    2    2    1
      84     3     2     0     1     0     0    2    2    3
      85     3     2     0     2     2     1    0    0    1
      86     3     2     0     2     2     1    0    2    1
      87     3     2     0     2     2     1    2    0    1
      88     3     2     0     2     2     1    2    2    1
      89     3     2     0     2     2     1    2    2    3
      90     3     2     0     3     2     0    0    0    1
      91     3     2     0     3     2     0    0    2    1
      92     3     2     0     3     2     0    2    0    1
      93     3     2     0     3     2     0    2    2    1
      94     3     2     0     3     2     0    2    2    3
      95     3     2     1     1     1     0    0    0    1
      96     3     2     1     1     1     0    0    2    1
      97     3     2     1     1     1     0    2    0    1
      98     3     2     1     1     1     0    2    2    1
      99     3     2     1     1     1     0    2    2    3
     100     3     2     1     3     2     1    0    0    1
     101     3     2     1     3     2     1    0    2    1
     102     3     2     1     3     2     1    2    0    1
     103     3     2     1     3     2     1    2    2    1
     104     3     2     1     3     2     1    2    2    3
     105     3     3     0     1     1     0    0    0    1
     106     3     3     0     1     1     0    0    2    1
     107     3     3     0     1     1     0    2    0    1
     108     3     3     0     1     1     0    2    2    1
     109     3     3     0     1     1     0    2    2    3
     110     3     3     0     3     2     1    0    0    1
     111     3     3     0     3     2     1    0    2    1
     112     3     3     0     3     2     1    2    0    1
     113     3     3     0     3     2     1    2    2    1
     114     3     3     0     3     2     1    2    2    3
     115     3     3     0     3     3     0    0    0    1
     116     3     3     0     3     3     0    0    2    1
     117     3     3     0     3     3     0    2    0    1
     118     3     3     0     3     3     0    2    2    1
     119     3     3     0     3     3     0    2    2    3
     120     3     3     1     1     1     1    0    0    1
     121     3     3     1     1     1     1    0    2    1
     122     3     3     1     1     1     1    2    0    1
     123     3     3     1     1     1     1    2    2    1
     124     3     3     1     1     1     1    2    2    3
     125     3     3     1     3     3     1    0    0    1
     126     3     3     1     3     3     1    0    2    1
     127     3     3     1     3     3     1    2    0    1
     128     3     3     1     3     3     1    2    2    1
     129     3     3     1     3     3     1    2    2    3
     130     4     0     0     2     0     0    2    0    1
     131     4     0     0     2     0     0    2    2    1
     132     4     0     0     2     0     0    2    2    3
     133     4     0     0     2     0     0    4    2    3
     134     4     0     0     4     0     0    2    2    1
     135     4     0     0     4     0     0    2    2    3
     136     4     0     0     4     0     0    2    4    3
     137     4     0     0     4     0     0    4    2    3
     138     4     0     0     4     0     0    4    4    3
     139     4     0     0     4     0     0    4    4    5
     140     4     1     0     2     1     0    2    0    1
     141     4     1     0     2     1     0    2    2    1
     142     4     1     0     2     1     0    2    2    3
     143     4     1     0     2     1     0    4    2    3
     144     4     1     0     3     0     0    2    0    1
     145     4     1     0     3     0     0    2    2    1
     146     4     1     0     3     0     0    2    2    3
     147     4     1     0     3     0     0    4    2    3
     148     4     1     0     4     1     0    2    2    1
     149     4     1     0     4     1     0    2    2    3
     150     4     1     0     4     1     0    2    4    3
     151     4     1     0     4     1     0    4    2    3
     152     4     1     0     4     1     0    4    4    3
     153     4     1     0     4     1     0    4    4    5
     154     4     1     1     2     1     1    2    0    1
     155     4     1     1     2     1     1    2    2    1
     156     4     1     1     2     1     1    2    2    3
     157     4     1     1     2     1     1    4    2    3
     158     4     1     1     3     1     0    2    0    1
     159     4     1     1     3     1     0    2    2    1
     160     4     1     1     3     1     0    2    2    3
     161     4     1     1     3     1     0    4    2    3
     162     4     1     1     4     1     1    2    2    1
     163     4     1     1     4     1     1    2    2    3
     164     4     1     1     4     1     1    2    4    3
     165     4     1     1     4     1     1    4    2    3
     166     4     1     1     4     1     1    4    4    3
     167     4     1     1     4     1     1    4    4    5
     168     4     2     0     0     0     0    2    0    1
     169     4     2     0     0     0     0    2    2    1
     170     4     2     0     0     0     0    2    2    3
     171     4     2     0     0     0     0    4    2    3
     172     4     2     0     2     2     0    2    0    1
     173     4     2     0     2     2     0    2    2    1
     174     4     2     0     2     2     0    2    2    3
     175     4     2     0     2     2     0    4    2    3
     176     4     2     0     4     2     0    2    2    1
     177     4     2     0     4     2     0    2    2    3
     178     4     2     0     4     2     0    2    4    3
     179     4     2     0     4     2     0    4    2    3
     180     4     2     0     4     2     0    4    4    3
     181     4     2     0     4     2     0    4    4    5
     182     4     2     1     1     0     0    2    0    1
     183     4     2     1     1     0     0    2    2    1
     184     4     2     1     1     0     0    2    2    3
     185     4     2     1     1     0     0    4    2    3
     186     4     2     1     2     2     1    2    0    1
     187     4     2     1     2     2     1    2    2    1
     188     4     2     1     2     2     1    2    2    3
     189     4     2     1     2     2     1    4    2    3
     190     4     2     1     3     2     0    2    0    1
     191     4     2     1     3     2     0    2    2    1
     192     4     2     1     3     2     0    2    2    3
     193     4     2     1     3     2     0    4    2    3
     194     4     2     1     4     2     1    2    2    1
     195     4     2     1     4     2     1    2    2    3
     196     4     2     1     4     2     1    2    4    3
     197     4     2     1     4     2     1    4    2    3
     198     4     2     1     4     2     1    4    4    3
     199     4     2     1     4     2     1    4    4    5
     200     4     3     0     1     0     0    2    0    1
     201     4     3     0     1     0     0    2    2    1
     202     4     3     0     1     0     0    2    2    3
     203     4     3     0     1     0     0    4    2    3
     204     4     3     0     2     2     1    2    0    1
     205     4     3     0     2     2     1    2    2    1
     206     4     3     0     2     2     1    2    2    3
     207     4     3     0     2     2     1    4    2    3
     208     4     3     0     3     2     0    2    0    1
     209     4     3     0     3     2     0    2    2    1
     210     4     3     0     3     2     0    2    2    3
     211     4     3     0     3     2     0    4    2    3
     212     4     3     0     4     2     1    2    2    1
     213     4     3     0     4     2     1    2    2    3
     214     4     3     0     4     2     1    2    4    3
     215     4     3     0     4     2     1    4    2    3
     216     4     3     0     4     2     1    4    4    3
     217     4     3     0     4     2     1    4    4    5
     218     4     3     0     4     3     0    2    2    1
     219     4     3     0     4     3     0    2    2    3
     220     4     3     0     4     3     0    2    4    3
     221     4     3     0     4     3     0    4    2    3
     222     4     3     0     4     3     0    4    4    3
     223     4     3     0     4     3     0    4    4    5
     224     4     3     1     1     1     0    2    0    1
     225     4     3     1     1     1     0    2    2    1
     226     4     3     1     1     1     0    2    2    3
     227     4     3     1     1     1     0    4    2    3
     228     4     3     1     3     2     1    2    0    1
     229     4     3     1     3     2     1    2    2    1
     230     4     3     1     3     2     1    2    2    3
     231     4     3     1     3     2     1    4    2    3
     232     4     3     1     3     3     0    2    0    1
     233     4     3     1     3     3     0    2    2    1
     234     4     3     1     3     3     0    2    2    3
     235     4     3     1     3     3     0    4    2    3
     236     4     3     1     4     3     1    2    2    1
     237     4     3     1     4     3     1    2    2    3
     238     4     3     1     4     3     1    2    4    3
     239     4     3     1     4     3     1    4    2    3
     240     4     3     1     4     3     1    4    4    3
     241     4     3     1     4     3     1    4    4    5
     242     4     4     0     0     0     0    0    0    1
     243     4     4     0     0     0     0    0    2    1
     244     4     4     0     0     0     0    2    0    1
     245     4     4     0     0     0     0    2    2    1
     246     4     4     0     0     0     0    2    2    3
     247     4     4     0     0     0     0    4    2    3
     248     4     4     0     2     2     0    0    0    1
     249     4     4     0     2     2     0    0    2    1
     250     4     4     0     2     2     0    2    0    1
     251     4     4     0     2     2     0    2    2    1
     252     4     4     0     2     2     0    2    2    3
     253     4     4     0     2     2     0    4    2    3
     254     4     4     0     4     2     0    0    2    1
     255     4     4     0     4     2     0    2    2    1
     256     4     4     0     4     2     0    2    2    3
     257     4     4     0     4     2     0    2    4    3
     258     4     4     0     4     2     0    4    2    3
     259     4     4     0     4     2     0    4    4    3
     260     4     4     0     4     2     0    4    4    5
     261     4     4     0     4     2     0    6    4    5
     262     4     4     0     4     4     0    0    0    1
     263     4     4     0     4     4     0    0    2    1
     264     4     4     0     4     4     0    2    0    1
     265     4     4     0     4     4     0    2    2    1
     266     4     4     0     4     4     0    2    2    3
     267     4     4     0     4     4     0    2    4    3
     268     4     4     0     4     4     0    4    2    3
     269     4     4     0     4     4     0    4    4    3
     270     4     4     0     4     4     0    4    4    5
     271     4     4     0     4     4     0    4    6    5
     272     4     4     0     4     4     0    6    4    5
     273     4     4     0     4     4     0    6    6    5
     274     4     4     0     4     4     0    6    6    7
     275     4     4     1     1     0     0    0    0    1
     276     4     4     1     1     0     0    0    2    1
     277     4     4     1     1     0     0    2    0    1
     278     4     4     1     1     0     0    2    2    1
     279     4     4     1     1     0     0    2    2    3
     280     4     4     1     1     0     0    4    2    3
     281     4     4     1     2     2     1    0    0    1
     282     4     4     1     2     2     1    0    2    1
     283     4     4     1     2     2     1    2    0    1
     284     4     4     1     2     2     1    2    2    1
     285     4     4     1     2     2     1    2    2    3
     286     4     4     1     2     2     1    4    2    3
     287     4     4     1     3     2     0    0    0    1
     288     4     4     1     3     2     0    0    2    1
     289     4     4     1     3     2     0    2    0    1
     290     4     4     1     3     2     0    2    2    1
     291     4     4     1     3     2     0    2    2    3
     292     4     4     1     3     2     0    4    2    3
     293     4     4     1     4     2     1    0    2    1
     294     4     4     1     4     2     1    2    2    1
     295     4     4     1     4     2     1    2    2    3
     296     4     4     1     4     2     1    2    4    3
     297     4     4     1     4     2     1    4    2    3
     298     4     4     1     4     2     1    4    4    3
     299     4     4     1     4     2     1    4    4    5
     300     4     4     1     4     2     1    6    4    5
     301     4     4     1     4     3     0    0    2    1
     302     4     4     1     4     3     0    2    2    1
     303     4     4     1     4     3     0    2    2    3
     304     4     4     1     4     3     0    2    4    3
     305     4     4     1     4     3     0    4    2    3
     306     4     4     1     4     3     0    4    4    3
     307     4     4     1     4     3     0    4    4    5
     308     4     4     1     4     3     0    6    4    5
     309     4     4     1     4     4     1    0    0    1
     310     4     4     1     4     4     1    0    2    1
     311     4     4     1     4     4     1    2    0    1
     312     4     4     1     4     4     1    2    2    1
     313     4     4     1     4     4     1    2    2    3
     314     4     4     1     4     4     1    2    4    3
     315     4     4     1     4     4     1    4    2    3
     316     4     4     1     4     4     1    4    4    3
     317     4     4     1     4     4     1    4    4    5
     318     4     4     1     4     4     1    4    6    5
     319     4     4     1     4     4     1    6    4    5
     320     4     4     1     4     4     1    6    6    5
     321     4     4     1     4     4     1    6    6    7
     322     5     0     0     2     1     0    2    0    1
     323     5     0     0     2     1     0    2    2    1
     324     5     0     0     2     1     0    2    2    3
     325     5     0     0     2     1     0    4    2    3
     326     5     0     0     3     0     0    2    0    1
     327     5     0     0     3     0     0    2    2    1
     328     5     0     0     3     0     0    2    2    3
     329     5     0     0     3     0     0    4    2    3
     330     5     0     0     4     1     0    2    2    1
     331     5     0     0     4     1     0    2    2    3
     332     5     0     0     4     1     0    2    4    3
     333     5     0     0     4     1     0    4    2    3
     334     5     0     0     4     1     0    4    4    3
     335     5     0     0     4     1     0    4    4    5
     336     5     0     0     5     0     0    2    2    1
     337     5     0     0     5     0     0    2    2    3
     338     5     0     0     5     0     0    2    4    3
     339     5     0     0     5     0     0    4    2    3
     340     5     0     0     5     0     0    4    4    3
     341     5     0     0     5     0     0    4    4    5
     342     5     1     0     2     1     1    2    0    1
     343     5     1     0     2     1     1    2    2    1
     344     5     1     0     2     1     1    2    2    3
     345     5     1     0     2     1     1    4    2    3
     346     5     1     0     3     1     0    2    0    1
     347     5     1     0     3     1     0    2    2    1
     348     5     1     0     3     1     0    2    2    3
     349     5     1     0     3     1     0    4    2    3
     350     5     1     0     4     1     1    2    2    1
     351     5     1     0     4     1     1    2    2    3
     352     5     1     0     4     1     1    2    4    3
     353     5     1     0     4     1     1    4    2    3
     354     5     1     0     4     1     1    4    4    3
     355     5     1     0     4     1     1    4    4    5
     356     5     1     0     5     1     0    2    2    1
     357     5     1     0     5     1     0    2    2    3
     358     5     1     0     5     1     0    2    4    3
     359     5     1     0     5     1     0    4    2    3
     360     5     1     0     5     1     0    4    4    3
     361     5     1     0     5     1     0    4    4    5
     362     5     1     1     3     1     1    2    0    1
     363     5     1     1     3     1     1    2    2    1
     364     5     1     1     3     1     1    2    2    3
     365     5     1     1     3     1     1    4    2    3
     366     5     1     1     5     1     1    2    2    1
     367     5     1     1     5     1     1    2    2    3
     368     5     1     1     5     1     1    2    4    3
     369     5     1     1     5     1     1    4    2    3
     370     5     1     1     5     1     1    4    4    3
     371     5     1     1     5     1     1    4    4    5
     372     5     2     0     1     0     0    2    0    1
     373     5     2     0     1     0     0    2    2    1
     374     5     2     0     1     0     0    2    2    3
     375     5     2     0     1     0     0    4    2    3
     376     5     2     0     2     2     1    2    0    1
     377     5     2     0     2     2     1    2    2    1
     378     5     2     0     2     2     1    2    2    3
     379     5     2     0     2     2     1    4    2    3
     380     5     2     0     3     2     0    2    0    1
     381     5     2     0     3     2     0    2    2    1
     382     5     2     0     3     2     0    2    2    3
     383     5     2     0     3     2     0    4    2    3
     384     5     2     0     4     2     1    2    2    1
     385     5     2     0     4     2     1    2    2    3
     386     5     2     0     4     2     1    2    4    3
     387     5     2     0     4     2     1    4    2    3
     388     5     2     0     4     2     1    4    4    3
     389     5     2     0     4     2     1    4    4    5
     390     5     2     0     4     3     0    2    2    1
     391     5     2     0     4     3     0    2    2    3
     392     5     2     0     4     3     0    2    4    3
     393     5     2     0     4     3     0    4    2    3
     394     5     2     0     4     3     0    4    4    3
     395     5     2     0     4     3     0    4    4    5
     396     5     2     0     4     4     1    2    0    1
     397     5     2     0     4     4     1    2    2    1
     398     5     2     0     4     4     1    2    2    3
     399     5     2     0     4     4     1    2    4    3
     400     5     2     0     4     4     1    4    2    3
     401     5     2     0     4     4     1    4    4    3
     402     5     2     0     4     4     1    4    4    5
     403     5     2     0     4     4     1    4    6    5
     404     5     2     0     5     2     0    2    2    1
     405     5     2     0     5     2     0    2    2    3
     406     5     2     0     5     2     0    2    4    3
     407     5     2     0     5     2     0    4    2    3
     408     5     2     0     5     2     0    4    4    3
     409     5     2     0     5     2     0    4    4    5
     410     5     2     1     1     1     0    2    0    1
     411     5     2     1     1     1     0    2    2    1
     412     5     2     1     1     1     0    2    2    3
     413     5     2     1     1     1     0    4    2    3
     414     5     2     1     3     2     1    2    0    1
     415     5     2     1     3     2     1    2    2    1
     416     5     2     1     3     2     1    2    2    3
     417     5     2     1     3     2     1    4    2    3
     418     5     2     1     3     3     0    2    0    1
     419     5     2     1     3     3     0    2    2    1
     420     5     2     1     3     3     0    2    2    3
     421     5     2     1     3     3     0    4    2    3
     422     5     2     1     4     3     1    2    2    1
     423     5     2     1     4     3     1    2    2    3
     424     5     2     1     4     3     1    2    4    3
     425     5     2     1     4     3     1    4    2    3
     426     5     2     1     4     3     1    4    4    3
     427     5     2     1     4     3     1    4    4    5
     428     5     2     1     5     2     1    2    2    1
     429     5     2     1     5     2     1    2    2    3
     430     5     2     1     5     2     1    2    4    3
     431     5     2     1     5     2     1    4    2    3
     432     5     2     1     5     2     1    4    4    3
     433     5     2     1     5     2     1    4    4    5
     434     5     3     0     1     1     0    2    0    1
     435     5     3     0     1     1     0    2    2    1
     436     5     3     0     1     1     0    2    2    3
     437     5     3     0     1     1     0    4    2    3
     438     5     3     0     3     2     1    2    0    1
     439     5     3     0     3     2     1    2    2    1
     440     5     3     0     3     2     1    2    2    3
     441     5     3     0     3     2     1    4    2    3
     442     5     3     0     3     3     0    2    0    1
     443     5     3     0     3     3     0    2    2    1
     444     5     3     0     3     3     0    2    2    3
     445     5     3     0     3     3     0    4    2    3
     446     5     3     0     4     3     1    2    2    1
     447     5     3     0     4     3     1    2    2    3
     448     5     3     0     4     3     1    2    4    3
     449     5     3     0     4     3     1    4    2    3
     450     5     3     0     4     3     1    4    4    3
     451     5     3     0     4     3     1    4    4    5
     452     5     3     0     5     2     1    2    2    1
     453     5     3     0     5     2     1    2    2    3
     454     5     3     0     5     2     1    2    4    3
     455     5     3     0     5     2     1    4    2    3
     456     5     3     0     5     2     1    4    4    3
     457     5     3     0     5     2     1    4    4    5
     458     5     3     0     5     3     0    2    2    1
     459     5     3     0     5     3     0    2    2    3
     460     5     3     0     5     3     0    2    4    3
     461     5     3     0     5     3     0    4    2    3
     462     5     3     0     5     3     0    4    4    3
     463     5     3     0     5     3     0    4    4    5
     464     5     3     1     1     1     1    2    0    1
     465     5     3     1     1     1     1    2    2    1
     466     5     3     1     1     1     1    2    2    3
     467     5     3     1     1     1     1    4    2    3
     468     5     3     1     3     3     1    2    0    1
     469     5     3     1     3     3     1    2    2    1
     470     5     3     1     3     3     1    2    2    3
     471     5     3     1     3     3     1    4    2    3
     472     5     3     1     5     3     1    2    2    1
     473     5     3     1     5     3     1    2    2    3
     474     5     3     1     5     3     1    2    4    3
     475     5     3     1     5     3     1    4    2    3
     476     5     3     1     5     3     1    4    4    3
     477     5     3     1     5     3     1    4    4    5
     478     5     4     0     1     0     0    0    0    1
     479     5     4     0     1     0     0    0    2    1
     480     5     4     0     1     0     0    2    0    1
     481     5     4     0     1     0     0    2    2    1
     482     5     4     0     1     0     0    2    2    3
     483     5     4     0     1     0     0    4    2    3
     484     5     4     0     2     2     1    0    0    1
     485     5     4     0     2     2     1    0    2    1
     486     5     4     0     2     2     1    2    0    1
     487     5     4     0     2     2     1    2    2    1
     488     5     4     0     2     2     1    2    2    3
     489     5     4     0     2     2     1    4    2    3
     490     5     4     0     3     2     0    0    0    1
     491     5     4     0     3     2     0    0    2    1
     492     5     4     0     3     2     0    2    0    1
     493     5     4     0     3     2     0    2    2    1
     494     5     4     0     3     2     0    2    2    3
     495     5     4     0     3     2     0    4    2    3
     496     5     4     0     4     2     1    0    2    1
     497     5     4     0     4     2     1    2    2    1
     498     5     4     0     4     2     1    2    2    3
     499     5     4     0     4     2     1    2    4    3
     500     5     4     0     4     2     1    4    2    3
     501     5     4     0     4     2     1    4    4    3
     502     5     4     0     4     2     1    4    4    5
     503     5     4     0     4     2     1    6    4    5
     504     5     4     0     4     3     0    0    2    1
     505     5     4     0     4     3     0    2    2    1
     506     5     4     0     4     3     0    2    2    3
     507     5     4     0     4     3     0    2    4    3
     508     5     4     0     4     3     0    4    2    3
     509     5     4     0     4     3     0    4    4    3
     510     5     4     0     4     3     0    4    4    5
     511     5     4     0     4     3     0    6    4    5
     512     5     4     0     4     4     1    0    0    1
     513     5     4     0     4     4     1    0    2    1
     514     5     4     0     4     4     1    2    0    1
     515     5     4     0     4     4     1    2    2    1
     516     5     4     0     4     4     1    2    2    3
     517     5     4     0     4     4     1    2    4    3
     518     5     4     0     4     4     1    4    2    3
     519     5     4     0     4     4     1    4    4    3
     520     5     4     0     4     4     1    4    4    5
     521     5     4     0     4     4     1    4    6    5
     522     5     4     0     4     4     1    6    4    5
     523     5     4     0     4     4     1    6    6    5
     524     5     4     0     4     4     1    6    6    7
     525     5     4     0     5     2     0    0    2    1
     526     5     4     0     5     2     0    2    2    1
     527     5     4     0     5     2     0    2    2    3
     528     5     4     0     5     2     0    2    4    3
     529     5     4     0     5     2     0    4    2    3
     530     5     4     0     5     2     0    4    4    3
     531     5     4     0     5     2     0    4    4    5
     532     5     4     0     5     2     0    6    4    5
     533     5     4     0     5     4     0    0    0    1
     534     5     4     0     5     4     0    0    2    1
     535     5     4     0     5     4     0    2    0    1
     536     5     4     0     5     4     0    2    2    1
     537     5     4     0     5     4     0    2    2    3
     538     5     4     0     5     4     0    2    4    3
     539     5     4     0     5     4     0    4    2    3
     540     5     4     0     5     4     0    4    4    3
     541     5     4     0     5     4     0    4    4    5
     542     5     4     0     5     4     0    4    6    5
     543     5     4     0     5     4     0    6    4    5
     544     5     4     0     5     4     0    6    6    5
     545     5     4     0     5     4     0    6    6    7
     546     5     4     1     1     1     0    0    0    1
     547     5     4     1     1     1     0    0    2    1
     548     5     4     1     1     1     0    2    0    1
     549     5     4     1     1     1     0    2    2    1
     550     5     4     1     1     1     0    2    2    3
     551     5     4     1     1     1     0    4    2    3
     552     5     4     1     3     2     1    0    0    1
     553     5     4     1     3     2     1    0    2    1
     554     5     4     1     3     2     1    2    0    1
     555     5     4     1     3     2     1    2    2    1
     556     5     4     1     3     2     1    2    2    3
     557     5     4     1     3     2     1    4    2    3
     558     5     4     1     3     3     0    0    0    1
     559     5     4     1     3     3     0    0    2    1
     560     5     4     1     3     3     0    2    0    1
     561     5     4     1     3     3     0    2    2    1
     562     5     4     1     3     3     0    2    2    3
     563     5     4     1     3     3     0    4    2    3
     564     5     4     1     4     3     1    0    2    1
     565     5     4     1     4     3     1    2    2    1
     566     5     4     1     4     3     1    2    2    3
     567     5     4     1     4     3     1    2    4    3
     568     5     4     1     4     3     1    4    2    3
     569     5     4     1     4     3     1    4    4    3
     570     5     4     1     4     3     1    4    4    5
     571     5     4     1     4     3     1    6    4    5
     572     5     4     1     5     2     1    0    2    1
     573     5     4     1     5     2     1    2    2    1
     574     5     4     1     5     2     1    2    2    3
     575     5     4     1     5     2     1    2    4    3
     576     5     4     1     5     2     1    4    2    3
     577     5     4     1     5     2     1    4    4    3
     578     5     4     1     5     2     1    4    4    5
     579     5     4     1     5     2     1    6    4    5
     580     5     4     1     5     3     0    0    2    1
     581     5     4     1     5     3     0    2    2    1
     582     5     4     1     5     3     0    2    2    3
     583     5     4     1     5     3     0    2    4    3
     584     5     4     1     5     3     0    4    2    3
     585     5     4     1     5     3     0    4    4    3
     586     5     4     1     5     3     0    4    4    5
     587     5     4     1     5     3     0    6    4    5
     588     5     4     1     5     4     1    0    0    1
     589     5     4     1     5     4     1    0    2    1
     590     5     4     1     5     4     1    2    0    1
     591     5     4     1     5     4     1    2    2    1
     592     5     4     1     5     4     1    2    2    3
     593     5     4     1     5     4     1    2    4    3
     594     5     4     1     5     4     1    4    2    3
     595     5     4     1     5     4     1    4    4    3
     596     5     4     1     5     4     1    4    4    5
     597     5     4     1     5     4     1    4    6    5
     598     5     4     1     5     4     1    6    4    5
     599     5     4     1     5     4     1    6    6    5
     600     5     4     1     5     4     1    6    6    7
     601     5     5     0     1     1     0    0    0    1
     602     5     5     0     1     1     0    0    2    1
     603     5     5     0     1     1     0    2    0    1
     604     5     5     0     1     1     0    2    2    1
     605     5     5     0     1     1     0    2    2    3
     606     5     5     0     1     1     0    4    2    3
     607     5     5     0     3     2     1    0    0    1
     608     5     5     0     3     2     1    0    2    1
     609     5     5     0     3     2     1    2    0    1
     610     5     5     0     3     2     1    2    2    1
     611     5     5     0     3     2     1    2    2    3
     612     5     5     0     3     2     1    4    2    3
     613     5     5     0     3     3     0    0    0    1
     614     5     5     0     3     3     0    0    2    1
     615     5     5     0     3     3     0    2    0    1
     616     5     5     0     3     3     0    2    2    1
     617     5     5     0     3     3     0    2    2    3
     618     5     5     0     3     3     0    4    2    3
     619     5     5     0     4     3     1    0    2    1
     620     5     5     0     4     3     1    2    2    1
     621     5     5     0     4     3     1    2    2    3
     622     5     5     0     4     3     1    2    4    3
     623     5     5     0     4     3     1    4    2    3
     624     5     5     0     4     3     1    4    4    3
     625     5     5     0     4     3     1    4    4    5
     626     5     5     0     4     3     1    6    4    5
     627     5     5     0     5     2     1    0    2    1
     628     5     5     0     5     2     1    2    2    1
     629     5     5     0     5     2     1    2    2    3
     630     5     5     0     5     2     1    2    4    3
     631     5     5     0     5     2     1    4    2    3
     632     5     5     0     5     2     1    4    4    3
     633     5     5     0     5     2     1    4    4    5
     634     5     5     0     5     2     1    6    4    5
     635     5     5     0     5     3     0    0    2    1
     636     5     5     0     5     3     0    2    2    1
     637     5     5     0     5     3     0    2    2    3
     638     5     5     0     5     3     0    2    4    3
     639     5     5     0     5     3     0    4    2    3
     640     5     5     0     5     3     0    4    4    3
     641     5     5     0     5     3     0    4    4    5
     642     5     5     0     5     3     0    6    4    5
     643     5     5     0     5     4     1    0    0    1
     644     5     5     0     5     4     1    0    2    1
     645     5     5     0     5     4     1    2    0    1
     646     5     5     0     5     4     1    2    2    1
     647     5     5     0     5     4     1    2    2    3
     648     5     5     0     5     4     1    2    4    3
     649     5     5     0     5     4     1    4    2    3
     650     5     5     0     5     4     1    4    4    3
     651     5     5     0     5     4     1    4    4    5
     652     5     5     0     5     4     1    4    6    5
     653     5     5     0     5     4     1    6    4    5
     654     5     5     0     5     4     1    6    6    5
     655     5     5     0     5     4     1    6    6    7
     656     5     5     0     5     5     0    0    0    1
     657     5     5     0     5     5     0    0    2    1
     658     5     5     0     5     5     0    2    0    1
     659     5     5     0     5     5     0    2    2    1
     660     5     5     0     5     5     0    2    2    3
     661     5     5     0     5     5     0    2    4    3
     662     5     5     0     5     5     0    4    2    3
     663     5     5     0     5     5     0    4    4    3
     664     5     5     0     5     5     0    4    4    5
     665     5     5     0     5     5     0    4    6    5
     666     5     5     0     5     5     0    6    4    5
     667     5     5     0     5     5     0    6    6    5
     668     5     5     0     5     5     0    6    6    7
     669     5     5     1     1     1     1    0    0    1
     670     5     5     1     1     1     1    0    2    1
     671     5     5     1     1     1     1    2    0    1
     672     5     5     1     1     1     1    2    2    1
     673     5     5     1     1     1     1    2    2    3
     674     5     5     1     1     1     1    4    2    3
     675     5     5     1     3     3     1    0    0    1
     676     5     5     1     3     3     1    0    2    1
     677     5     5     1     3     3     1    2    0    1
     678     5     5     1     3     3     1    2    2    1
     679     5     5     1     3     3     1    2    2    3
     680     5     5     1     3     3     1    4    2    3
     681     5     5     1     5     3     1    0    2    1
     682     5     5     1     5     3     1    2    2    1
     683     5     5     1     5     3     1    2    2    3
     684     5     5     1     5     3     1    2    4    3
     685     5     5     1     5     3     1    4    2    3
     686     5     5     1     5     3     1    4    4    3
     687     5     5     1     5     3     1    4    4    5
     688     5     5     1     5     3     1    6    4    5
     689     5     5     1     5     5     1    0    0    1
     690     5     5     1     5     5     1    0    2    1
     691     5     5     1     5     5     1    2    0    1
     692     5     5     1     5     5     1    2    2    1
     693     5     5     1     5     5     1    2    2    3
     694     5     5     1     5     5     1    2    4    3
     695     5     5     1     5     5     1    4    2    3
     696     5     5     1     5     5     1    4    4    3
     697     5     5     1     5     5     1    4    4    5
     698     5     5     1     5     5     1    4    6    5
     699     5     5     1     5     5     1    6    4    5
     700     5     5     1     5     5     1    6    6    5
     701     5     5     1     5     5     1    6    6    7
     702     6     0     0     0     0     0    0    0    1
     703     6     0     0     0     0     0    0    2    1
     704     6     0     0     0     0     0    2    0    1
     705     6     0     0     0     0     0    2    2    1
     706     6     0     0     0     0     0    2    2    3
     707     6     0     0     2     2     0    0    0    1
     708     6     0     0     2     2     0    0    2    1
     709     6     0     0     2     2     0    2    0    1
     710     6     0     0     2     2     0    2    2    1
     711     6     0     0     2     2     0    2    2    3
     712     6     0     0     4     2     0    0    2    1
     713     6     0     0     4     2     0    2    2    1
     714     6     0     0     4     2     0    2    2    3
     715     6     0     0     4     2     0    2    4    3
     716     6     0     0     4     4     0    0    0    1
     717     6     0     0     4     4     0    0    2    1
     718     6     0     0     4     4     0    2    0    1
     719     6     0     0     4     4     0    2    2    1
     720     6     0     0     4     4     0    2    2    3
     721     6     0     0     4     4     0    2    4    3
     722     6     0     0     6     0     0    0    0    1
     723     6     0     0     6     0     0    0    2    1
     724     6     0     0     6     0     0    2    0    1
     725     6     0     0     6     0     0    2    2    1
     726     6     0     0     6     0     0    2    2    3
     727     6     1     0     1     0     0    0    0    1
     728     6     1     0     1     0     0    0    2    1
     729     6     1     0     1     0     0    2    0    1
     730     6     1     0     1     0     0    2    2    1
     731     6     1     0     1     0     0    2    2    3
     732     6     1     0     2     2     1    0    0    1
     733     6     1     0     2     2     1    0    2    1
     734     6     1     0     2     2     1    2    0    1
     735     6     1     0     2     2     1    2    2    1
     736     6     1     0     2     2     1    2    2    3
     737     6     1     0     3     2     0    0    0    1
     738     6     1     0     3     2     0    0    2    1
     739     6     1     0     3     2     0    2    0    1
     740     6     1     0     3     2     0    2    2    1
     741     6     1     0     3     2     0    2    2    3
     742     6     1     0     4     2     1    0    2    1
     743     6     1     0     4     2     1    2    2    1
     744     6     1     0     4     2     1    2    2    3
     745     6     1     0     4     2     1    2    4    3
     746     6     1     0     4     3     0    0    2    1
     747     6     1     0     4     3     0    2    2    1
     748     6     1     0     4     3     0    2    2    3
     749     6     1     0     4     3     0    2    4    3
     750     6     1     0     4     4     1    0    0    1
     751     6     1     0     4     4     1    0    2    1
     752     6     1     0     4     4     1    2    0    1
     753     6     1     0     4     4     1    2    2    1
     754     6     1     0     4     4     1    2    2    3
     755     6     1     0     4     4     1    2    4    3
     756     6     1     0     5     2     0    0    2    1
     757     6     1     0     5     2     0    2    2    1
     758     6     1     0     5     2     0    2    2    3
     759     6     1     0     5     2     0    2    4    3
     760     6     1     0     5     4     0    0    0    1
     761     6     1     0     5     4     0    0    2    1
     762     6     1     0     5     4     0    2    0    1
     763     6     1     0     5     4     0    2    2    1
     764     6     1     0     5     4     0    2    2    3
     765     6     1     0     5     4     0    2    4    3
     766     6     1     0     6     1     0    0    0    1
     767     6     1     0     6     1     0    0    2    1
     768     6     1     0     6     1     0    2    0    1
     769     6     1     0     6     1     0    2    2    1
     770     6     1     0     6     1     0    2    2    3
     771     6     1     1     1     1     0    0    0    1
     772     6     1     1     1     1     0    0    2    1
     773     6     1     1     1     1     0    2    0    1
     774     6     1     1     1     1     0    2    2    1
     775     6     1     1     1     1     0    2    2    3
     776     6     1     1     3     2     1    0    0    1
     777     6     1     1     3     2     1    0    2    1
     778     6     1     1     3     2     1    2    0    1
     779     6     1     1     3     2     1    2    2    1
     780     6     1     1     3     2     1    2    2    3
     781     6     1     1     3     3     0    0    0    1
     782     6     1     1     3     3     0    0    2    1
     783     6     1     1     3     3     0    2    0    1
     784     6     1     1     3     3     0    2    2    1
     785     6     1     1     3     3     0    2    2    3
     786     6     1     1     4     3     1    0    2    1
     787     6     1     1     4     3     1    2    2    1
     788     6     1     1     4     3     1    2    2    3
     789     6     1     1     4     3     1    2    4    3
     790     6     1     1     5     2     1    0    2    1
     791     6     1     1     5     2     1    2    2    1
     792     6     1     1     5     2     1    2    2    3
     793     6     1     1     5     2     1    2    4    3
     794     6     1     1     5     3     0    0    2    1
     795     6     1     1     5     3     0    2    2    1
     796     6     1     1     5     3     0    2    2    3
     797     6     1     1     5     3     0    2    4    3
     798     6     1     1     5     4     1    0    0    1
     799     6     1     1     5     4     1    0    2    1
     800     6     1     1     5     4     1    2    0    1
     801     6     1     1     5     4     1    2    2    1
     802     6     1     1     5     4     1    2    2    3
     803     6     1     1     5     4     1    2    4    3
     804     6     1     1     5     5     0    0    0    1
     805     6     1     1     5     5     0    0    2    1
     806     6     1     1     5     5     0    2    0    1
     807     6     1     1     5     5     0    2    2    1
     808     6     1     1     5     5     0    2    2    3
     809     6     1     1     5     5     0    2    4    3
     810     6     1     1     6     1     1    0    0    1
     811     6     1     1     6     1     1    0    2    1
     812     6     1     1     6     1     1    2    0    1
     813     6     1     1     6     1     1    2    2    1
     814     6     1     1     6     1     1    2    2    3
     815     7     0     0     1     0     0    0    0    1
     816     7     0     0     1     0     0    0    2    1
     817     7     0     0     1     0     0    2    0    1
     818     7     0     0     1     0     0    2    2    1
     819     7     0     0     1     0     0    2    2    3
     820     7     0     0     2     2     1    0    0    1
     821     7     0     0     2     2     1    0    2    1
     822     7     0     0     2     2     1    2    0    1
     823     7     0     0     2     2     1    2    2    1
     824     7     0     0     2     2     1    2    2    3
     825     7     0     0     3     2     0    0    0    1
     826     7     0     0     3     2     0    0    2    1
     827     7     0     0     3     2     0    2    0    1
     828     7     0     0     3     2     0    2    2    1
     829     7     0     0     3     2     0    2    2    3
     830     7     0     0     4     2     1    0    2    1
     831     7     0     0     4     2     1    2    2    1
     832     7     0     0     4     2     1    2    2    3
     833     7     0     0     4     2     1    2    4    3
     834     7     0     0     4     3     0    0    2    1
     835     7     0     0     4     3     0    2    2    1
     836     7     0     0     4     3     0    2    2    3
     837     7     0     0     4     3     0    2    4    3
     838     7     0     0     4     4     1    0    0    1
     839     7     0     0     4     4     1    0    2    1
     840     7     0     0     4     4     1    2    0    1
     841     7     0     0     4     4     1    2    2    1
     842     7     0     0     4     4     1    2    2    3
     843     7     0     0     4     4     1    2    4    3
     844     7     0     0     5     2     0    0    2    1
     845     7     0     0     5     2     0    2    2    1
     846     7     0     0     5     2     0    2    2    3
     847     7     0     0     5     2     0    2    4    3
     848     7     0     0     5     4     0    0    0    1
     849     7     0     0     5     4     0    0    2    1
     850     7     0     0     5     4     0    2    0    1
     851     7     0     0     5     4     0    2    2    1
     852     7     0     0     5     4     0    2    2    3
     853     7     0     0     5     4     0    2    4    3
     854     7     0     0     6     1     0    0    0    1
     855     7     0     0     6     1     0    0    2    1
     856     7     0     0     6     1     0    2    0    1
     857     7     0     0     6     1     0    2    2    1
     858     7     0     0     6     1     0    2    2    3
     859     7     0     0     7     0     0    0    0    1
     860     7     0     0     7     0     0    0    2    1
     861     7     0     0     7     0     0    2    0    1
     862     7     0     0     7     0     0    2    2    1
     863     7     0     0     7     0     0    2    2    3
     864     7     1     0     1     1     0    0    0    1
     865     7     1     0     1     1     0    0    2    1
     866     7     1     0     1     1     0    2    0    1
     867     7     1     0     1     1     0    2    2    1
     868     7     1     0     1     1     0    2    2    3
     869     7     1     0     3     2     1    0    0    1
     870     7     1     0     3     2     1    0    2    1
     871     7     1     0     3     2     1    2    0    1
     872     7     1     0     3     2     1    2    2    1
     873     7     1     0     3     2     1    2    2    3
     874     7     1     0     3     3     0    0    0    1
     875     7     1     0     3     3     0    0    2    1
     876     7     1     0     3     3     0    2    0    1
     877     7     1     0     3     3     0    2    2    1
     878     7     1     0     3     3     0    2    2    3
     879     7     1     0     4     3     1    0    2    1
     880     7     1     0     4     3     1    2    2    1
     881     7     1     0     4     3     1    2    2    3
     882     7     1     0     4     3     1    2    4    3
     883     7     1     0     5     2     1    0    2    1
     884     7     1     0     5     2     1    2    2    1
     885     7     1     0     5     2     1    2    2    3
     886     7     1     0     5     2     1    2    4    3
     887     7     1     0     5     3     0    0    2    1
     888     7     1     0     5     3     0    2    2    1
     889     7     1     0     5     3     0    2    2    3
     890     7     1     0     5     3     0    2    4    3
     891     7     1     0     5     4     1    0    0    1
     892     7     1     0     5     4     1    0    2    1
     893     7     1     0     5     4     1    2    0    1
     894     7     1     0     5     4     1    2    2    1
     895     7     1     0     5     4     1    2    2    3
     896     7     1     0     5     4     1    2    4    3
     897     7     1     0     5     5     0    0    0    1
     898     7     1     0     5     5     0    0    2    1
     899     7     1     0     5     5     0    2    0    1
     900     7     1     0     5     5     0    2    2    1
     901     7     1     0     5     5     0    2    2    3
     902     7     1     0     5     5     0    2    4    3
     903     7     1     0     6     1     1    0    0    1
     904     7     1     0     6     1     1    0    2    1
     905     7     1     0     6     1     1    2    0    1
     906     7     1     0     6     1     1    2    2    1
     907     7     1     0     6     1     1    2    2    3
     908     7     1     0     7     1     0    0    0    1
     909     7     1     0     7     1     0    0    2    1
     910     7     1     0     7     1     0    2    0    1
     911     7     1     0     7     1     0    2    2    1
     912     7     1     0     7     1     0    2    2    3
     913     7     1     1     1     1     1    0    0    1
     914     7     1     1     1     1     1    0    2    1
     915     7     1     1     1     1     1    2    0    1
     916     7     1     1     1     1     1    2    2    1
     917     7     1     1     1     1     1    2    2    3
     918     7     1     1     3     3     1    0    0    1
     919     7     1     1     3     3     1    0    2    1
     920     7     1     1     3     3     1    2    0    1
     921     7     1     1     3     3     1    2    2    1
     922     7     1     1     3     3     1    2    2    3
     923     7     1     1     5     3     1    0    2    1
     924     7     1     1     5     3     1    2    2    1
     925     7     1     1     5     3     1    2    2    3
     926     7     1     1     5     3     1    2    4    3
     927     7     1     1     5     5     1    0    0    1
     928     7     1     1     5     5     1    0    2    1
     929     7     1     1     5     5     1    2    0    1
     930     7     1     1     5     5     1    2    2    1
     931     7     1     1     5     5     1    2    2    3
     932     7     1     1     5     5     1    2    4    3
     933     7     1     1     7     1     1    0    0    1
     934     7     1     1     7     1     1    0    2    1
     935     7     1     1     7     1     1    2    0    1
     936     7     1     1     7     1     1    2    2    1
     937     7     1     1     7     1     1    2    2    3
     938     8     0     0     0     0     0    2    0    1
     939     8     0     0     0     0     0    2    2    1
     940     8     0     0     0     0     0    2    2    3
     941     8     0     0     0     0     0    4    2    3
     942     8     0     0     2     2     0    2    0    1
     943     8     0     0     2     2     0    2    2    1
     944     8     0     0     2     2     0    2    2    3
     945     8     0     0     2     2     0    4    2    3
     946     8     0     0     4     2     0    2    2    1
     947     8     0     0     4     2     0    2    2    3
     948     8     0     0     4     2     0    2    4    3
     949     8     0     0     4     2     0    4    2    3
     950     8     0     0     4     2     0    4    4    3
     951     8     0     0     4     2     0    4    4    5
     952     8     0     0     4     4     0    2    0    1
     953     8     0     0     4     4     0    2    2    1
     954     8     0     0     4     4     0    2    2    3
     955     8     0     0     4     4     0    2    4    3
     956     8     0     0     4     4     0    4    2    3
     957     8     0     0     4     4     0    4    4    3
     958     8     0     0     4     4     0    4    4    5
     959     8     0     0     4     4     0    4    6    5
     960     8     0     0     6     0     0    2    0    1
     961     8     0     0     6     0     0    2    2    1
     962     8     0     0     6     0     0    2    2    3
     963     8     0     0     6     0     0    4    2    3
     964     8     0     0     8     0     0    2    2    1
     965     8     0     0     8     0     0    2    2    3
     966     8     0     0     8     0     0    2    4    3
     967     8     0     0     8     0     0    4    2    3
     968     8     0     0     8     0     0    4    4    3
     969     8     0     0     8     0     0    4    4    5
     970     8     1     0     1     0     0    2    0    1
     971     8     1     0     1     0     0    2    2    1
     972     8     1     0     1     0     0    2    2    3
     973     8     1     0     1     0     0    4    2    3
     974     8     1     0     2     2     1    2    0    1
     975     8     1     0     2     2     1    2    2    1
     976     8     1     0     2     2     1    2    2    3
     977     8     1     0     2     2     1    4    2    3
     978     8     1     0     3     2     0    2    0    1
     979     8     1     0     3     2     0    2    2    1
     980     8     1     0     3     2     0    2    2    3
     981     8     1     0     3     2     0    4    2    3
     982     8     1     0     4     2     1    2    2    1
     983     8     1     0     4     2     1    2    2    3
     984     8     1     0     4     2     1    2    4    3
     985     8     1     0     4     2     1    4    2    3
     986     8     1     0     4     2     1    4    4    3
     987     8     1     0     4     2     1    4    4    5
     988     8     1     0     4     3     0    2    2    1
     989     8     1     0     4     3     0    2    2    3
     990     8     1     0     4     3     0    2    4    3
     991     8     1     0     4     3     0    4    2    3
     992     8     1     0     4     3     0    4    4    3
     993     8     1     0     4     3     0    4    4    5
     994     8     1     0     4     4     1    2    0    1
     995     8     1     0     4     4     1    2    2    1
     996     8     1     0     4     4     1    2    2    3
     997     8     1     0     4     4     1    2    4    3
     998     8     1     0     4     4     1    4    2    3
     999     8     1     0     4     4     1    4    4    3
    1000     8     1     0     4     4     1    4    4    5
    1001     8     1     0     4     4     1    4    6    5
    1002     8     1     0     5     2     0    2    2    1
    1003     8     1     0     5     2     0    2    2    3
    1004     8     1     0     5     2     0    2    4    3
    1005     8     1     0     5     2     0    4    2    3
    1006     8     1     0     5     2     0    4    4    3
    1007     8     1     0     5     2     0    4    4    5
    1008     8     1     0     5     4     0    2    0    1
    1009     8     1     0     5     4     0    2    2    1
    1010     8     1     0     5     4     0    2    2    3
    1011     8     1     0     5     4     0    2    4    3
    1012     8     1     0     5     4     0    4    2    3
    1013     8     1     0     5     4     0    4    4    3
    1014     8     1     0     5     4     0    4    4    5
    1015     8     1     0     5     4     0    4    6    5
    1016     8     1     0     6     1     0    2    0    1
    1017     8     1     0     6     1     0    2    2    1
    1018     8     1     0     6     1     0    2    2    3
    1019     8     1     0     6     1     0    4    2    3
    1020     8     1     0     7     0     0    2    0    1
    1021     8     1     0     7     0     0    2    2    1
    1022     8     1     0     7     0     0    2    2    3
    1023     8     1     0     7     0     0    4    2    3
    1024     8     1     0     8     1     0    2    2    1
    1025     8     1     0     8     1     0    2    2    3
    1026     8     1     0     8     1     0    2    4    3
    1027     8     1     0     8     1     0    4    2    3
    1028     8     1     0     8     1     0    4    4    3
    1029     8     1     0     8     1     0    4    4    5
    1030     8     1     1     1     1     0    2    0    1
    1031     8     1     1     1     1     0    2    2    1
    1032     8     1     1     1     1     0    2    2    3
    1033     8     1     1     1     1     0    4    2    3
    1034     8     1     1     3     2     1    2    0    1
    1035     8     1     1     3     2     1    2    2    1
    1036     8     1     1     3     2     1    2    2    3
    1037     8     1     1     3     2     1    4    2    3
    1038     8     1     1     3     3     0    2    0    1
    1039     8     1     1     3     3     0    2    2    1
    1040     8     1     1     3     3     0    2    2    3
    1041     8     1     1     3     3     0    4    2    3
    1042     8     1     1     4     3     1    2    2    1
    1043     8     1     1     4     3     1    2    2    3
    1044     8     1     1     4     3     1    2    4    3
    1045     8     1     1     4     3     1    4    2    3
    1046     8     1     1     4     3     1    4    4    3
    1047     8     1     1     4     3     1    4    4    5
    1048     8     1     1     5     2     1    2    2    1
    1049     8     1     1     5     2     1    2    2    3
    1050     8     1     1     5     2     1    2    4    3
    1051     8     1     1     5     2     1    4    2    3
    1052     8     1     1     5     2     1    4    4    3
    1053     8     1     1     5     2     1    4    4    5
    1054     8     1     1     5     3     0    2    2    1
    1055     8     1     1     5     3     0    2    2    3
    1056     8     1     1     5     3     0    2    4    3
    1057     8     1     1     5     3     0    4    2    3
    1058     8     1     1     5     3     0    4    4    3
    1059     8     1     1     5     3     0    4    4    5
    1060     8     1     1     5     4     1    2    0    1
    1061     8     1     1     5     4     1    2    2    1
    1062     8     1     1     5     4     1    2    2    3
    1063     8     1     1     5     4     1    2    4    3
    1064     8     1     1     5     4     1    4    2    3
    1065     8     1     1     5     4     1    4    4    3
    1066     8     1     1     5     4     1    4    4    5
    1067     8     1     1     5     4     1    4    6    5
    1068     8     1     1     5     5     0    2    0    1
    1069     8     1     1     5     5     0    2    2    1
    1070     8     1     1     5     5     0    2    2    3
    1071     8     1     1     5     5     0    2    4    3
    1072     8     1     1     5     5     0    4    2    3
    1073     8     1     1     5     5     0    4    4    3
    1074     8     1     1     5     5     0    4    4    5
    1075     8     1     1     5     5     0    4    6    5
    1076     8     1     1     6     1     1    2    0    1
    1077     8     1     1     6     1     1    2    2    1
    1078     8     1     1     6     1     1    2    2    3
    1079     8     1     1     6     1     1    4    2    3
    1080     8     1     1     7     1     0    2    0    1
    1081     8     1     1     7     1     0    2    2    1
    1082     8     1     1     7     1     0    2    2    3
    1083     8     1     1     7     1     0    4    2    3
    1084     8     1     1     8     1     1    2    2    1
    1085     8     1     1     8     1     1    2    2    3
    1086     8     1     1     8     1     1    2    4    3
    1087     8     1     1     8     1     1    4    2    3
    1088     8     1     1     8     1     1    4    4    3
    1089     8     1     1     8     1     1    4    4    5
    1090     9     0     0     1     0     0    2    0    1
    1091     9     0     0     1     0     0    2    2    1
    1092     9     0     0     1     0     0    2    2    3
    1093     9     0     0     1     0     0    4    2    3
    1094     9     0     0     2     2     1    2    0    1
    1095     9     0     0     2     2     1    2    2    1
    1096     9     0     0     2     2     1    2    2    3
    1097     9     0     0     2     2     1    4    2    3
    1098     9     0     0     3     2     0    2    0    1
    1099     9     0     0     3     2     0    2    2    1
    1100     9     0     0     3     2     0    2    2    3
    1101     9     0     0     3     2     0    4    2    3
    1102     9     0     0     4     2     1    2    2    1
    1103     9     0     0     4     2     1    2    2    3
    1104     9     0     0     4     2     1    2    4    3
    1105     9     0     0     4     2     1    4    2    3
    1106     9     0     0     4     2     1    4    4    3
    1107     9     0     0     4     2     1    4    4    5
    1108     9     0     0     4     3     0    2    2    1
    1109     9     0     0     4     3     0    2    2    3
    1110     9     0     0     4     3     0    2    4    3
    1111     9     0     0     4     3     0    4    2    3
    1112     9     0     0     4     3     0    4    4    3
    1113     9     0     0     4     3     0    4    4    5
    1114     9     0     0     4     4     1    2    0    1
    1115     9     0     0     4     4     1    2    2    1
    1116     9     0     0     4     4     1    2    2    3
    1117     9     0     0     4     4     1    2    4    3
    1118     9     0     0     4     4     1    4    2    3
    1119     9     0     0     4     4     1    4    4    3
    1120     9     0     0     4     4     1    4    4    5
    1121     9     0     0     4     4     1    4    6    5
    1122     9     0     0     5     2     0    2    2    1
    1123     9     0     0     5     2     0    2    2    3
    1124     9     0     0     5     2     0    2    4    3
    1125     9     0     0     5     2     0    4    2    3
    1126     9     0     0     5     2     0    4    4    3
    1127     9     0     0     5     2     0    4    4    5
    1128     9     0     0     5     4     0    2    0    1
    1129     9     0     0     5     4     0    2    2    1
    1130     9     0     0     5     4     0    2    2    3
    1131     9     0     0     5     4     0    2    4    3
    1132     9     0     0     5     4     0    4    2    3
    1133     9     0     0     5     4     0    4    4    3
    1134     9     0     0     5     4     0    4    4    5
    1135     9     0     0     5     4     0    4    6    5
    1136     9     0     0     6     1     0    2    0    1
    1137     9     0     0     6     1     0    2    2    1
    1138     9     0     0     6     1     0    2    2    3
    1139     9     0     0     6     1     0    4    2    3
    1140     9     0     0     7     0     0    2    0    1
    1141     9     0     0     7     0     0    2    2    1
    1142     9     0     0     7     0     0    2    2    3
    1143     9     0     0     7     0     0    4    2    3
    1144     9     0     0     8     1     0    2    2    1
    1145     9     0     0     8     1     0    2    2    3
    1146     9     0     0     8     1     0    2    4    3
    1147     9     0     0     8     1     0    4    2    3
    1148     9     0     0     8     1     0    4    4    3
    1149     9     0     0     8     1     0    4    4    5
    1150     9     0     0     9     0     0    2    2    1
    1151     9     0     0     9     0     0    2    2    3
    1152     9     0     0     9     0     0    2    4    3
    1153     9     0     0     9     0     0    4    2    3
    1154     9     0     0     9     0     0    4    4    3
    1155     9     0     0     9     0     0    4    4    5
    1156     9     1     0     1     1     0    2    0    1
    1157     9     1     0     1     1     0    2    2    1
    1158     9     1     0     1     1     0    2    2    3
    1159     9     1     0     1     1     0    4    2    3
    1160     9     1     0     3     2     1    2    0    1
    1161     9     1     0     3     2     1    2    2    1
    1162     9     1     0     3     2     1    2    2    3
    1163     9     1     0     3     2     1    4    2    3
    1164     9     1     0     3     3     0    2    0    1
    1165     9     1     0     3     3     0    2    2    1
    1166     9     1     0     3     3     0    2    2    3
    1167     9     1     0     3     3     0    4    2    3
    1168     9     1     0     4     3     1    2    2    1
    1169     9     1     0     4     3     1    2    2    3
    1170     9     1     0     4     3     1    2    4    3
    1171     9     1     0     4     3     1    4    2    3
    1172     9     1     0     4     3     1    4    4    3
    1173     9     1     0     4     3     1    4    4    5
    1174     9     1     0     5     2     1    2    2    1
    1175     9     1     0     5     2     1    2    2    3
    1176     9     1     0     5     2     1    2    4    3
    1177     9     1     0     5     2     1    4    2    3
    1178     9     1     0     5     2     1    4    4    3
    1179     9     1     0     5     2     1    4    4    5
    1180     9     1     0     5     3     0    2    2    1
    1181     9     1     0     5     3     0    2    2    3
    1182     9     1     0     5     3     0    2    4    3
    1183     9     1     0     5     3     0    4    2    3
    1184     9     1     0     5     3     0    4    4    3
    1185     9     1     0     5     3     0    4    4    5
    1186     9     1     0     5     4     1    2    0    1
    1187     9     1     0     5     4     1    2    2    1
    1188     9     1     0     5     4     1    2    2    3
    1189     9     1     0     5     4     1    2    4    3
    1190     9     1     0     5     4     1    4    2    3
    1191     9     1     0     5     4     1    4    4    3
    1192     9     1     0     5     4     1    4    4    5
    1193     9     1     0     5     4     1    4    6    5
    1194     9     1     0     5     5     0    2    0    1
    1195     9     1     0     5     5     0    2    2    1
    1196     9     1     0     5     5     0    2    2    3
    1197     9     1     0     5     5     0    2    4    3
    1198     9     1     0     5     5     0    4    2    3
    1199     9     1     0     5     5     0    4    4    3
    1200     9     1     0     5     5     0    4    4    5
    1201     9     1     0     5     5     0    4    6    5
    1202     9     1     0     6     1     1    2    0    1
    1203     9     1     0     6     1     1    2    2    1
    1204     9     1     0     6     1     1    2    2    3
    1205     9     1     0     6     1     1    4    2    3
    1206     9     1     0     7     1     0    2    0    1
    1207     9     1     0     7     1     0    2    2    1
    1208     9     1     0     7     1     0    2    2    3
    1209     9     1     0     7     1     0    4    2    3
    1210     9     1     0     8     1     1    2    2    1
    1211     9     1     0     8     1     1    2    2    3
    1212     9     1     0     8     1     1    2    4    3
    1213     9     1     0     8     1     1    4    2    3
    1214     9     1     0     8     1     1    4    4    3
    1215     9     1     0     8     1     1    4    4    5
    1216     9     1     0     9     1     0    2    2    1
    1217     9     1     0     9     1     0    2    2    3
    1218     9     1     0     9     1     0    2    4    3
    1219     9     1     0     9     1     0    4    2    3
    1220     9     1     0     9     1     0    4    4    3
    1221     9     1     0     9     1     0    4    4    5
    1222     9     1     1     1     1     1    2    0    1
    1223     9     1     1     1     1     1    2    2    1
    1224     9     1     1     1     1     1    2    2    3
    1225     9     1     1     1     1     1    4    2    3
    1226     9     1     1     3     3     1    2    0    1
    1227     9     1     1     3     3     1    2    2    1
    1228     9     1     1     3     3     1    2    2    3
    1229     9     1     1     3     3     1    4    2    3
    1230     9     1     1     5     3     1    2    2    1
    1231     9     1     1     5     3     1    2    2    3
    1232     9     1     1     5     3     1    2    4    3
    1233     9     1     1     5     3     1    4    2    3
    1234     9     1     1     5     3     1    4    4    3
    1235     9     1     1     5     3     1    4    4    5
    1236     9     1     1     5     5     1    2    0    1
    1237     9     1     1     5     5     1    2    2    1
    1238     9     1     1     5     5     1    2    2    3
    1239     9     1     1     5     5     1    2    4    3
    1240     9     1     1     5     5     1    4    2    3
    1241     9     1     1     5     5     1    4    4    3
    1242     9     1     1     5     5     1    4    4    5
    1243     9     1     1     5     5     1    4    6    5
    1244     9     1     1     7     1     1    2    0    1
    1245     9     1     1     7     1     1    2    2    1
    1246     9     1     1     7     1     1    2    2    3
    1247     9     1     1     7     1     1    4    2    3
    1248     9     1     1     9     1     1    2    2    1
    1249     9     1     1     9     1     1    2    2    3
    1250     9     1     1     9     1     1    2    4    3
    1251     9     1     1     9     1     1    4    2    3
    1252     9     1     1     9     1     1    4    4    3
    1253     9     1     1     9     1     1    4    4    5
    1254    10     0     0     0     0     0    4    2    3
    1255    10     0     0     2     2     0    4    2    3
    1256    10     0     0     4     2     0    4    2    3
    1257    10     0     0     4     2     0    4    4    3
    1258    10     0     0     4     2     0    4    4    5
    1259    10     0     0     4     2     0    6    4    5
    1260    10     0     0     4     4     0    4    2    3
    1261    10     0     0     4     4     0    4    4    3
    1262    10     0     0     4     4     0    4    4    5
    1263    10     0     0     4     4     0    4    6    5
    1264    10     0     0     4     4     0    6    4    5
    1265    10     0     0     4     4     0    6    6    5
    1266    10     0     0     4     4     0    6    6    7
    1267    10     0     0     6     0     0    4    2    3
    1268    10     0     0     8     0     0    4    2    3
    1269    10     0     0     8     0     0    4    4    3
    1270    10     0     0     8     0     0    4    4    5
    1271    10     0     0     8     0     0    6    4    5
    1272    10     0     0    10     0     0    4    4    3
    1273    10     0     0    10     0     0    4    4    5
    1274    10     0     0    10     0     0    4    6    5
    1275    10     0     0    10     0     0    6    4    5
    1276    10     0     0    10     0     0    6    6    5
    1277    10     0     0    10     0     0    6    6    7
    1278    10     1     0     1     0     0    4    2    3
    1279    10     1     0     2     2     1    4    2    3
    1280    10     1     0     3     2     0    4    2    3
    1281    10     1     0     4     2     1    4    2    3
    1282    10     1     0     4     2     1    4    4    3
    1283    10     1     0     4     2     1    4    4    5
    1284    10     1     0     4     2     1    6    4    5
    1285    10     1     0     4     3     0    4    2    3
    1286    10     1     0     4     3     0    4    4    3
    1287    10     1     0     4     3     0    4    4    5
    1288    10     1     0     4     3     0    6    4    5
    1289    10     1     0     4     4     1    4    2    3
    1290    10     1     0     4     4     1    4    4    3
    1291    10     1     0     4     4     1    4    4    5
    1292    10     1     0     4     4     1    4    6    5
    1293    10     1     0     4     4     1    6    4    5
    1294    10     1     0     4     4     1    6    6    5
    1295    10     1     0     4     4     1    6    6    7
    1296    10     1     0     5     2     0    4    2    3
    1297    10     1     0     5     2     0    4    4    3
    1298    10     1     0     5     2     0    4    4    5
    1299    10     1     0     5     2     0    6    4    5
    1300    10     1     0     5     4     0    4    2    3
    1301    10     1     0     5     4     0    4    4    3
    1302    10     1     0     5     4     0    4    4    5
    1303    10     1     0     5     4     0    4    6    5
    1304    10     1     0     5     4     0    6    4    5
    1305    10     1     0     5     4     0    6    6    5
    1306    10     1     0     5     4     0    6    6    7
    1307    10     1     0     6     1     0    4    2    3
    1308    10     1     0     7     0     0    4    2    3
    1309    10     1     0     8     1     0    4    2    3
    1310    10     1     0     8     1     0    4    4    3
    1311    10     1     0     8     1     0    4    4    5
    1312    10     1     0     8     1     0    6    4    5
    1313    10     1     0     9     0     0    4    2    3
    1314    10     1     0     9     0     0    4    4    3
    1315    10     1     0     9     0     0    4    4    5
    1316    10     1     0     9     0     0    6    4    5
    1317    10     1     0    10     1     0    4    4    3
    1318    10     1     0    10     1     0    4    4    5
    1319    10     1     0    10     1     0    4    6    5
    1320    10     1     0    10     1     0    6    4    5
    1321    10     1     0    10     1     0    6    6    5
    1322    10     1     0    10     1     0    6    6    7
    1323    10     1     1     1     1     0    4    2    3
    1324    10     1     1     3     2     1    4    2    3
    1325    10     1     1     3     3     0    4    2    3
    1326    10     1     1     4     3     1    4    2    3
    1327    10     1     1     4     3     1    4    4    3
    1328    10     1     1     4     3     1    4    4    5
    1329    10     1     1     4     3     1    6    4    5
    1330    10     1     1     5     2     1    4    2    3
    1331    10     1     1     5     2     1    4    4    3
    1332    10     1     1     5     2     1    4    4    5
    1333    10     1     1     5     2     1    6    4    5
    1334    10     1     1     5     3     0    4    2    3
    1335    10     1     1     5     3     0    4    4    3
    1336    10     1     1     5     3     0    4    4    5
    1337    10     1     1     5     3     0    6    4    5
    1338    10     1     1     5     4     1    4    2    3
    1339    10     1     1     5     4     1    4    4    3
    1340    10     1     1     5     4     1    4    4    5
    1341    10     1     1     5     4     1    4    6    5
    1342    10     1     1     5     4     1    6    4    5
    1343    10     1     1     5     4     1    6    6    5
    1344    10     1     1     5     4     1    6    6    7
    1345    10     1     1     5     5     0    4    2    3
    1346    10     1     1     5     5     0    4    4    3
    1347    10     1     1     5     5     0    4    4    5
    1348    10     1     1     5     5     0    4    6    5
    1349    10     1     1     5     5     0    6    4    5
    1350    10     1     1     5     5     0    6    6    5
    1351    10     1     1     5     5     0    6    6    7
    1352    10     1     1     6     1     1    4    2    3
    1353    10     1     1     7     1     0    4    2    3
    1354    10     1     1     8     1     1    4    2    3
    1355    10     1     1     8     1     1    4    4    3
    1356    10     1     1     8     1     1    4    4    5
    1357    10     1     1     8     1     1    6    4    5
    1358    10     1     1     9     1     0    4    2    3
    1359    10     1     1     9     1     0    4    4    3
    1360    10     1     1     9     1     0    4    4    5
    1361    10     1     1     9     1     0    6    4    5
    1362    10     1     1    10     1     1    4    4    3
    1363    10     1     1    10     1     1    4    4    5
    1364    10     1     1    10     1     1    4    6    5
    1365    10     1     1    10     1     1    6    4    5
    1366    10     1     1    10     1     1    6    6    5
    1367    10     1     1    10     1     1    6    6    7
    1368    11     0     0     1     0     0    4    2    3
    1369    11     0     0     2     2     1    4    2    3
    1370    11     0     0     3     2     0    4    2    3
    1371    11     0     0     4     2     1    4    2    3
    1372    11     0     0     4     2     1    4    4    3
    1373    11     0     0     4     2     1    4    4    5
    1374    11     0     0     4     2     1    6    4    5
    1375    11     0     0     4     3     0    4    2    3
    1376    11     0     0     4     3     0    4    4    3
    1377    11     0     0     4     3     0    4    4    5
    1378    11     0     0     4     3     0    6    4    5
    1379    11     0     0     4     4     1    4    2    3
    1380    11     0     0     4     4     1    4    4    3
    1381    11     0     0     4     4     1    4    4    5
    1382    11     0     0     4     4     1    4    6    5
    1383    11     0     0     4     4     1    6    4    5
    1384    11     0     0     4     4     1    6    6    5
    1385    11     0     0     4     4     1    6    6    7
    1386    11     0     0     5     2     0    4    2    3
    1387    11     0     0     5     2     0    4    4    3
    1388    11     0     0     5     2     0    4    4    5
    1389    11     0     0     5     2     0    6    4    5
    1390    11     0     0     5     4     0    4    2    3
    1391    11     0     0     5     4     0    4    4    3
    1392    11     0     0     5     4     0    4    4    5
    1393    11     0     0     5     4     0    4    6    5
    1394    11     0     0     5     4     0    6    4    5
    1395    11     0     0     5     4     0    6    6    5
    1396    11     0     0     5     4     0    6    6    7
    1397    11     0     0     6     1     0    4    2    3
    1398    11     0     0     7     0     0    4    2    3
    1399    11     0     0     8     1     0    4    2    3
    1400    11     0     0     8     1     0    4    4    3
    1401    11     0     0     8     1     0    4    4    5
    1402    11     0     0     8     1     0    6    4    5
    1403    11     0     0     9     0     0    4    2    3
    1404    11     0     0     9     0     0    4    4    3
    1405    11     0     0     9     0     0    4    4    5
    1406    11     0     0     9     0     0    6    4    5
    1407    11     0     0    10     1     0    4    4    3
    1408    11     0     0    10     1     0    4    4    5
    1409    11     0     0    10     1     0    4    6    5
    1410    11     0     0    10     1     0    6    4    5
    1411    11     0     0    10     1     0    6    6    5
    1412    11     0     0    10     1     0    6    6    7
    1413    11     0     0    11     0     0    4    4    3
    1414    11     0     0    11     0     0    4    4    5
    1415    11     0     0    11     0     0    4    6    5
    1416    11     0     0    11     0     0    6    4    5
    1417    11     0     0    11     0     0    6    6    5
    1418    11     0     0    11     0     0    6    6    7
    1419    11     1     0     1     1     0    4    2    3
    1420    11     1     0     3     2     1    4    2    3
    1421    11     1     0     3     3     0    4    2    3
    1422    11     1     0     4     3     1    4    2    3
    1423    11     1     0     4     3     1    4    4    3
    1424    11     1     0     4     3     1    4    4    5
    1425    11     1     0     4     3     1    6    4    5
    1426    11     1     0     5     2     1    4    2    3
    1427    11     1     0     5     2     1    4    4    3
    1428    11     1     0     5     2     1    4    4    5
    1429    11     1     0     5     2     1    6    4    5
    1430    11     1     0     5     3     0    4    2    3
    1431    11     1     0     5     3     0    4    4    3
    1432    11     1     0     5     3     0    4    4    5
    1433    11     1     0     5     3     0    6    4    5
    1434    11     1     0     5     4     1    4    2    3
    1435    11     1     0     5     4     1    4    4    3
    1436    11     1     0     5     4     1    4    4    5
    1437    11     1     0     5     4     1    4    6    5
    1438    11     1     0     5     4     1    6    4    5
    1439    11     1     0     5     4     1    6    6    5
    1440    11     1     0     5     4     1    6    6    7
    1441    11     1     0     5     5     0    4    2    3
    1442    11     1     0     5     5     0    4    4    3
    1443    11     1     0     5     5     0    4    4    5
    1444    11     1     0     5     5     0    4    6    5
    1445    11     1     0     5     5     0    6    4    5
    1446    11     1     0     5     5     0    6    6    5
    1447    11     1     0     5     5     0    6    6    7
    1448    11     1     0     6     1     1    4    2    3
    1449    11     1     0     7     1     0    4    2    3
    1450    11     1     0     8     1     1    4    2    3
    1451    11     1     0     8     1     1    4    4    3
    1452    11     1     0     8     1     1    4    4    5
    1453    11     1     0     8     1     1    6    4    5
    1454    11     1     0     9     1     0    4    2    3
    1455    11     1     0     9     1     0    4    4    3
    1456    11     1     0     9     1     0    4    4    5
    1457    11     1     0     9     1     0    6    4    5
    1458    11     1     0    10     1     1    4    4    3
    1459    11     1     0    10     1     1    4    4    5
    1460    11     1     0    10     1     1    4    6    5
    1461    11     1     0    10     1     1    6    4    5
    1462    11     1     0    10     1     1    6    6    5
    1463    11     1     0    10     1     1    6    6    7
    1464    11     1     0    11     1     0    4    4    3
    1465    11     1     0    11     1     0    4    4    5
    1466    11     1     0    11     1     0    4    6    5
    1467    11     1     0    11     1     0    6    4    5
    1468    11     1     0    11     1     0    6    6    5
    1469    11     1     0    11     1     0    6    6    7
    1470    11     1     1     1     1     1    4    2    3
    1471    11     1     1     3     3     1    4    2    3
    1472    11     1     1     5     3     1    4    2    3
    1473    11     1     1     5     3     1    4    4    3
    1474    11     1     1     5     3     1    4    4    5
    1475    11     1     1     5     3     1    6    4    5
    1476    11     1     1     5     5     1    4    2    3
    1477    11     1     1     5     5     1    4    4    3
    1478    11     1     1     5     5     1    4    4    5
    1479    11     1     1     5     5     1    4    6    5
    1480    11     1     1     5     5     1    6    4    5
    1481    11     1     1     5     5     1    6    6    5
    1482    11     1     1     5     5     1    6    6    7
    1483    11     1     1     7     1     1    4    2    3
    1484    11     1     1     9     1     1    4    2    3
    1485    11     1     1     9     1     1    4    4    3
    1486    11     1     1     9     1     1    4    4    5
    1487    11     1     1     9     1     1    6    4    5
    1488    11     1     1    11     1     1    4    4    3
    1489    11     1     1    11     1     1    4    4    5
    1490    11     1     1    11     1     1    4    6    5
    1491    11     1     1    11     1     1    6    4    5
    1492    11     1     1    11     1     1    6    6    5
    1493    11     1     1    11     1     1    6    6    7
