   1    1
   2    0
   3    5
   4    4
   5    3
   6    2
   7   11
   8   10
   9    7
  10    6
  11    9
  12    8
  13   19
  14   18
  15   15
  16   14
  17   13
  18   12
  19   17
  20   16
  21   29
  22   28
  23   27
  24   26
  25   25
  26   24
  27   23
  28   22
  29   21
  30   20
  31   41
  32   40
  33   39
  34   38
  35   37
  36   36
  37   35
  38   34
  39   33
  40   32
  41   31
  42   30
  43   55
  44   54
  45   53
  46   52
  47   51
  48   50
  49   49
  50   48
  51   47
  52   46
  53   45
  54   44
  55   43
  56   42
