#   p  n_p  l_p jj_p mm_p tz_p
    0    0    0    1   -1    1
    1    0    0    1   -1   -1
    2    0    0    1    1    1
    3    0    0    1    1   -1
    4    0    1    1   -1    1
    5    0    1    1   -1   -1
    6    0    1    1    1    1
    7    0    1    1    1   -1
    8    0    1    3   -3    1
    9    0    1    3   -3   -1
   10    0    1    3   -1    1
   11    0    1    3   -1   -1
   12    0    1    3    1    1
   13    0    1    3    1   -1
   14    0    1    3    3    1
   15    0    1    3    3   -1
   16    1    0    1   -1    1
   17    1    0    1   -1   -1
   18    1    0    1    1    1
   19    1    0    1    1   -1
   20    0    2    3   -3    1
   21    0    2    3   -3   -1
   22    0    2    3   -1    1
   23    0    2    3   -1   -1
   24    0    2    3    1    1
   25    0    2    3    1   -1
   26    0    2    3    3    1
   27    0    2    3    3   -1
   28    0    2    5   -5    1
   29    0    2    5   -5   -1
   30    0    2    5   -3    1
   31    0    2    5   -3   -1
   32    0    2    5   -1    1
   33    0    2    5   -1   -1
   34    0    2    5    1    1
   35    0    2    5    1   -1
   36    0    2    5    3    1
   37    0    2    5    3   -1
   38    0    2    5    5    1
   39    0    2    5    5   -1
   40    1    1    1   -1    1
   41    1    1    1   -1   -1
   42    1    1    1    1    1
   43    1    1    1    1   -1
   44    1    1    3   -3    1
   45    1    1    3   -3   -1
   46    1    1    3   -1    1
   47    1    1    3   -1   -1
   48    1    1    3    1    1
   49    1    1    3    1   -1
   50    1    1    3    3    1
   51    1    1    3    3   -1
   52    0    3    5   -5    1
   53    0    3    5   -5   -1
   54    0    3    5   -3    1
   55    0    3    5   -3   -1
   56    0    3    5   -1    1
   57    0    3    5   -1   -1
   58    0    3    5    1    1
   59    0    3    5    1   -1
   60    0    3    5    3    1
   61    0    3    5    3   -1
   62    0    3    5    5    1
   63    0    3    5    5   -1
   64    0    3    7   -7    1
   65    0    3    7   -7   -1
   66    0    3    7   -5    1
   67    0    3    7   -5   -1
   68    0    3    7   -3    1
   69    0    3    7   -3   -1
   70    0    3    7   -1    1
   71    0    3    7   -1   -1
   72    0    3    7    1    1
   73    0    3    7    1   -1
   74    0    3    7    3    1
   75    0    3    7    3   -1
   76    0    3    7    5    1
   77    0    3    7    5   -1
   78    0    3    7    7    1
   79    0    3    7    7   -1
   80    2    0    1   -1    1
   81    2    0    1   -1   -1
   82    2    0    1    1    1
   83    2    0    1    1   -1
   84    1    2    3   -3    1
   85    1    2    3   -3   -1
   86    1    2    3   -1    1
   87    1    2    3   -1   -1
   88    1    2    3    1    1
   89    1    2    3    1   -1
   90    1    2    3    3    1
   91    1    2    3    3   -1
   92    1    2    5   -5    1
   93    1    2    5   -5   -1
   94    1    2    5   -3    1
   95    1    2    5   -3   -1
   96    1    2    5   -1    1
   97    1    2    5   -1   -1
   98    1    2    5    1    1
   99    1    2    5    1   -1
  100    1    2    5    3    1
  101    1    2    5    3   -1
  102    1    2    5    5    1
  103    1    2    5    5   -1
  104    0    4    7   -7    1
  105    0    4    7   -7   -1
  106    0    4    7   -5    1
  107    0    4    7   -5   -1
  108    0    4    7   -3    1
  109    0    4    7   -3   -1
  110    0    4    7   -1    1
  111    0    4    7   -1   -1
  112    0    4    7    1    1
  113    0    4    7    1   -1
  114    0    4    7    3    1
  115    0    4    7    3   -1
  116    0    4    7    5    1
  117    0    4    7    5   -1
  118    0    4    7    7    1
  119    0    4    7    7   -1
  120    0    4    9   -9    1
  121    0    4    9   -9   -1
  122    0    4    9   -7    1
  123    0    4    9   -7   -1
  124    0    4    9   -5    1
  125    0    4    9   -5   -1
  126    0    4    9   -3    1
  127    0    4    9   -3   -1
  128    0    4    9   -1    1
  129    0    4    9   -1   -1
  130    0    4    9    1    1
  131    0    4    9    1   -1
  132    0    4    9    3    1
  133    0    4    9    3   -1
  134    0    4    9    5    1
  135    0    4    9    5   -1
  136    0    4    9    7    1
  137    0    4    9    7   -1
  138    0    4    9    9    1
  139    0    4    9    9   -1
  140    2    1    1   -1    1
  141    2    1    1   -1   -1
  142    2    1    1    1    1
  143    2    1    1    1   -1
  144    2    1    3   -3    1
  145    2    1    3   -3   -1
  146    2    1    3   -1    1
  147    2    1    3   -1   -1
  148    2    1    3    1    1
  149    2    1    3    1   -1
  150    2    1    3    3    1
  151    2    1    3    3   -1
  152    1    3    5   -5    1
  153    1    3    5   -5   -1
  154    1    3    5   -3    1
  155    1    3    5   -3   -1
  156    1    3    5   -1    1
  157    1    3    5   -1   -1
  158    1    3    5    1    1
  159    1    3    5    1   -1
  160    1    3    5    3    1
  161    1    3    5    3   -1
  162    1    3    5    5    1
  163    1    3    5    5   -1
  164    1    3    7   -7    1
  165    1    3    7   -7   -1
  166    1    3    7   -5    1
  167    1    3    7   -5   -1
  168    1    3    7   -3    1
  169    1    3    7   -3   -1
  170    1    3    7   -1    1
  171    1    3    7   -1   -1
  172    1    3    7    1    1
  173    1    3    7    1   -1
  174    1    3    7    3    1
  175    1    3    7    3   -1
  176    1    3    7    5    1
  177    1    3    7    5   -1
  178    1    3    7    7    1
  179    1    3    7    7   -1
  180    0    5    9   -9    1
  181    0    5    9   -9   -1
  182    0    5    9   -7    1
  183    0    5    9   -7   -1
  184    0    5    9   -5    1
  185    0    5    9   -5   -1
  186    0    5    9   -3    1
  187    0    5    9   -3   -1
  188    0    5    9   -1    1
  189    0    5    9   -1   -1
  190    0    5    9    1    1
  191    0    5    9    1   -1
  192    0    5    9    3    1
  193    0    5    9    3   -1
  194    0    5    9    5    1
  195    0    5    9    5   -1
  196    0    5    9    7    1
  197    0    5    9    7   -1
  198    0    5    9    9    1
  199    0    5    9    9   -1
  200    0    5   11  -11    1
  201    0    5   11  -11   -1
  202    0    5   11   -9    1
  203    0    5   11   -9   -1
  204    0    5   11   -7    1
  205    0    5   11   -7   -1
  206    0    5   11   -5    1
  207    0    5   11   -5   -1
  208    0    5   11   -3    1
  209    0    5   11   -3   -1
  210    0    5   11   -1    1
  211    0    5   11   -1   -1
  212    0    5   11    1    1
  213    0    5   11    1   -1
  214    0    5   11    3    1
  215    0    5   11    3   -1
  216    0    5   11    5    1
  217    0    5   11    5   -1
  218    0    5   11    7    1
  219    0    5   11    7   -1
  220    0    5   11    9    1
  221    0    5   11    9   -1
  222    0    5   11   11    1
  223    0    5   11   11   -1
  224    3    0    1   -1    1
  225    3    0    1   -1   -1
  226    3    0    1    1    1
  227    3    0    1    1   -1
  228    2    2    3   -3    1
  229    2    2    3   -3   -1
  230    2    2    3   -1    1
  231    2    2    3   -1   -1
  232    2    2    3    1    1
  233    2    2    3    1   -1
  234    2    2    3    3    1
  235    2    2    3    3   -1
  236    2    2    5   -5    1
  237    2    2    5   -5   -1
  238    2    2    5   -3    1
  239    2    2    5   -3   -1
  240    2    2    5   -1    1
  241    2    2    5   -1   -1
  242    2    2    5    1    1
  243    2    2    5    1   -1
  244    2    2    5    3    1
  245    2    2    5    3   -1
  246    2    2    5    5    1
  247    2    2    5    5   -1
  248    1    4    7   -7    1
  249    1    4    7   -7   -1
  250    1    4    7   -5    1
  251    1    4    7   -5   -1
  252    1    4    7   -3    1
  253    1    4    7   -3   -1
  254    1    4    7   -1    1
  255    1    4    7   -1   -1
  256    1    4    7    1    1
  257    1    4    7    1   -1
  258    1    4    7    3    1
  259    1    4    7    3   -1
  260    1    4    7    5    1
  261    1    4    7    5   -1
  262    1    4    7    7    1
  263    1    4    7    7   -1
  264    1    4    9   -9    1
  265    1    4    9   -9   -1
  266    1    4    9   -7    1
  267    1    4    9   -7   -1
  268    1    4    9   -5    1
  269    1    4    9   -5   -1
  270    1    4    9   -3    1
  271    1    4    9   -3   -1
  272    1    4    9   -1    1
  273    1    4    9   -1   -1
  274    1    4    9    1    1
  275    1    4    9    1   -1
  276    1    4    9    3    1
  277    1    4    9    3   -1
  278    1    4    9    5    1
  279    1    4    9    5   -1
  280    1    4    9    7    1
  281    1    4    9    7   -1
  282    1    4    9    9    1
  283    1    4    9    9   -1
  284    0    6   11  -11    1
  285    0    6   11  -11   -1
  286    0    6   11   -9    1
  287    0    6   11   -9   -1
  288    0    6   11   -7    1
  289    0    6   11   -7   -1
  290    0    6   11   -5    1
  291    0    6   11   -5   -1
  292    0    6   11   -3    1
  293    0    6   11   -3   -1
  294    0    6   11   -1    1
  295    0    6   11   -1   -1
  296    0    6   11    1    1
  297    0    6   11    1   -1
  298    0    6   11    3    1
  299    0    6   11    3   -1
  300    0    6   11    5    1
  301    0    6   11    5   -1
  302    0    6   11    7    1
  303    0    6   11    7   -1
  304    0    6   11    9    1
  305    0    6   11    9   -1
  306    0    6   11   11    1
  307    0    6   11   11   -1
  308    0    6   13  -13    1
  309    0    6   13  -13   -1
  310    0    6   13  -11    1
  311    0    6   13  -11   -1
  312    0    6   13   -9    1
  313    0    6   13   -9   -1
  314    0    6   13   -7    1
  315    0    6   13   -7   -1
  316    0    6   13   -5    1
  317    0    6   13   -5   -1
  318    0    6   13   -3    1
  319    0    6   13   -3   -1
  320    0    6   13   -1    1
  321    0    6   13   -1   -1
  322    0    6   13    1    1
  323    0    6   13    1   -1
  324    0    6   13    3    1
  325    0    6   13    3   -1
  326    0    6   13    5    1
  327    0    6   13    5   -1
  328    0    6   13    7    1
  329    0    6   13    7   -1
  330    0    6   13    9    1
  331    0    6   13    9   -1
  332    0    6   13   11    1
  333    0    6   13   11   -1
  334    0    6   13   13    1
  335    0    6   13   13   -1
