#   p  n_p  l_p jj_p mm_p tz_p
    0    0    0    1   -1    1
    1    0    0    1   -1   -1
    2    0    0    1    1    1
    3    0    0    1    1   -1
    4    0    1    1   -1    1
    5    0    1    1   -1   -1
    6    0    1    1    1    1
    7    0    1    1    1   -1
    8    0    1    3   -3    1
    9    0    1    3   -3   -1
   10    0    1    3   -1    1
   11    0    1    3   -1   -1
   12    0    1    3    1    1
   13    0    1    3    1   -1
   14    0    1    3    3    1
   15    0    1    3    3   -1
   16    1    0    1   -1    1
   17    1    0    1   -1   -1
   18    1    0    1    1    1
   19    1    0    1    1   -1
   20    0    2    3   -3    1
   21    0    2    3   -3   -1
   22    0    2    3   -1    1
   23    0    2    3   -1   -1
   24    0    2    3    1    1
   25    0    2    3    1   -1
   26    0    2    3    3    1
   27    0    2    3    3   -1
   28    0    2    5   -5    1
   29    0    2    5   -5   -1
   30    0    2    5   -3    1
   31    0    2    5   -3   -1
   32    0    2    5   -1    1
   33    0    2    5   -1   -1
   34    0    2    5    1    1
   35    0    2    5    1   -1
   36    0    2    5    3    1
   37    0    2    5    3   -1
   38    0    2    5    5    1
   39    0    2    5    5   -1
