#   p  n_p  l_p jj_p tz_p
    0    0    0    1    1
    1    0    0    1   -1
    2    0    1    1    1
    3    0    1    1   -1
    4    0    1    3    1
    5    0    1    3   -1
    6    1    0    1    1
    7    1    0    1   -1
    8    0    2    3    1
    9    0    2    3   -1
   10    0    2    5    1
   11    0    2    5   -1
   12    1    1    1    1
   13    1    1    1   -1
   14    1    1    3    1
   15    1    1    3   -1
   16    0    3    5    1
   17    0    3    5   -1
   18    0    3    7    1
   19    0    3    7   -1
   20    2    0    1    1
   21    2    0    1   -1
   22    1    2    3    1
   23    1    2    3   -1
   24    1    2    5    1
   25    1    2    5   -1
   26    0    4    7    1
   27    0    4    7   -1
   28    0    4    9    1
   29    0    4    9   -1
   30    2    1    1    1
   31    2    1    1   -1
   32    2    1    3    1
   33    2    1    3   -1
   34    1    3    5    1
   35    1    3    5   -1
   36    1    3    7    1
   37    1    3    7   -1
   38    0    5    9    1
   39    0    5    9   -1
   40    0    5   11    1
   41    0    5   11   -1
   42    3    0    1    1
   43    3    0    1   -1
   44    2    2    3    1
   45    2    2    3   -1
   46    2    2    5    1
   47    2    2    5   -1
   48    1    4    7    1
   49    1    4    7   -1
   50    1    4    9    1
   51    1    4    9   -1
   52    0    6   11    1
   53    0    6   11   -1
   54    0    6   13    1
   55    0    6   13   -1
