#   p  n_p  l_p jj_p tz_p
    0    0    0    1    1
    1    0    0    1   -1
    2    0    1    1    1
    3    0    1    1   -1
    4    0    1    3    1
    5    0    1    3   -1
    6    1    0    1    1
    7    1    0    1   -1
    8    0    2    3    1
    9    0    2    3   -1
   10    0    2    5    1
   11    0    2    5   -1
   12    1    1    1    1
   13    1    1    1   -1
   14    1    1    3    1
   15    1    1    3   -1
   16    0    3    5    1
   17    0    3    5   -1
   18    0    3    7    1
   19    0    3    7   -1
   20    2    0    1    1
   21    2    0    1   -1
   22    1    2    3    1
   23    1    2    3   -1
   24    1    2    5    1
   25    1    2    5   -1
   26    0    4    7    1
   27    0    4    7   -1
   28    0    4    9    1
   29    0    4    9   -1
   30    2    1    1    1
   31    2    1    1   -1
   32    2    1    3    1
   33    2    1    3   -1
   34    1    3    5    1
   35    1    3    5   -1
   36    1    3    7    1
   37    1    3    7   -1
   38    0    5    9    1
   39    0    5    9   -1
   40    0    5   11    1
   41    0    5   11   -1
   42    3    0    1    1
   43    3    0    1   -1
   44    2    2    3    1
   45    2    2    3   -1
   46    2    2    5    1
   47    2    2    5   -1
   48    1    4    7    1
   49    1    4    7   -1
   50    1    4    9    1
   51    1    4    9   -1
   52    0    6   11    1
   53    0    6   11   -1
   54    0    6   13    1
   55    0    6   13   -1
   56    3    1    1    1
   57    3    1    1   -1
   58    3    1    3    1
   59    3    1    3   -1
   60    2    3    5    1
   61    2    3    5   -1
   62    2    3    7    1
   63    2    3    7   -1
   64    1    5    9    1
   65    1    5    9   -1
   66    1    5   11    1
   67    1    5   11   -1
   68    0    7   13    1
   69    0    7   13   -1
   70    0    7   15    1
   71    0    7   15   -1
   72    4    0    1    1
   73    4    0    1   -1
   74    3    2    3    1
   75    3    2    3   -1
   76    3    2    5    1
   77    3    2    5   -1
   78    2    4    7    1
   79    2    4    7   -1
   80    2    4    9    1
   81    2    4    9   -1
   82    1    6   11    1
   83    1    6   11   -1
   84    1    6   13    1
   85    1    6   13   -1
   86    0    8   15    1
   87    0    8   15   -1
   88    0    8   17    1
   89    0    8   17   -1
   90    4    1    1    1
   91    4    1    1   -1
   92    4    1    3    1
   93    4    1    3   -1
   94    3    3    5    1
   95    3    3    5   -1
   96    3    3    7    1
   97    3    3    7   -1
   98    2    5    9    1
   99    2    5    9   -1
  100    2    5   11    1
  101    2    5   11   -1
  102    1    7   13    1
  103    1    7   13   -1
  104    1    7   15    1
  105    1    7   15   -1
  106    0    9   17    1
  107    0    9   17   -1
  108    0    9   19    1
  109    0    9   19   -1
  110    5    0    1    1
  111    5    0    1   -1
  112    4    2    3    1
  113    4    2    3   -1
  114    4    2    5    1
  115    4    2    5   -1
  116    3    4    7    1
  117    3    4    7   -1
  118    3    4    9    1
  119    3    4    9   -1
  120    2    6   11    1
  121    2    6   11   -1
  122    2    6   13    1
  123    2    6   13   -1
  124    1    8   15    1
  125    1    8   15   -1
  126    1    8   17    1
  127    1    8   17   -1
  128    0   10   19    1
  129    0   10   19   -1
  130    0   10   21    1
  131    0   10   21   -1
  132    5    1    1    1
  133    5    1    1   -1
  134    5    1    3    1
  135    5    1    3   -1
  136    4    3    5    1
  137    4    3    5   -1
  138    4    3    7    1
  139    4    3    7   -1
  140    3    5    9    1
  141    3    5    9   -1
  142    3    5   11    1
  143    3    5   11   -1
  144    2    7   13    1
  145    2    7   13   -1
  146    2    7   15    1
  147    2    7   15   -1
  148    1    9   17    1
  149    1    9   17   -1
  150    1    9   19    1
  151    1    9   19   -1
  152    0   11   21    1
  153    0   11   21   -1
  154    0   11   23    1
  155    0   11   23   -1
  156    6    0    1    1
  157    6    0    1   -1
  158    5    2    3    1
  159    5    2    3   -1
  160    5    2    5    1
  161    5    2    5   -1
  162    4    4    7    1
  163    4    4    7   -1
  164    4    4    9    1
  165    4    4    9   -1
  166    3    6   11    1
  167    3    6   11   -1
  168    3    6   13    1
  169    3    6   13   -1
  170    2    8   15    1
  171    2    8   15   -1
  172    2    8   17    1
  173    2    8   17   -1
  174    1   10   19    1
  175    1   10   19   -1
  176    1   10   21    1
  177    1   10   21   -1
  178    0   12   23    1
  179    0   12   23   -1
  180    0   12   25    1
  181    0   12   25   -1
  182    6    1    1    1
  183    6    1    1   -1
  184    6    1    3    1
  185    6    1    3   -1
  186    5    3    5    1
  187    5    3    5   -1
  188    5    3    7    1
  189    5    3    7   -1
  190    4    5    9    1
  191    4    5    9   -1
  192    4    5   11    1
  193    4    5   11   -1
  194    3    7   13    1
  195    3    7   13   -1
  196    3    7   15    1
  197    3    7   15   -1
  198    2    9   17    1
  199    2    9   17   -1
  200    2    9   19    1
  201    2    9   19   -1
  202    1   11   21    1
  203    1   11   21   -1
  204    1   11   23    1
  205    1   11   23   -1
  206    0   13   25    1
  207    0   13   25   -1
  208    0   13   27    1
  209    0   13   27   -1
  210    7    0    1    1
  211    7    0    1   -1
  212    6    2    3    1
  213    6    2    3   -1
  214    6    2    5    1
  215    6    2    5   -1
  216    5    4    7    1
  217    5    4    7   -1
  218    5    4    9    1
  219    5    4    9   -1
  220    4    6   11    1
  221    4    6   11   -1
  222    4    6   13    1
  223    4    6   13   -1
  224    3    8   15    1
  225    3    8   15   -1
  226    3    8   17    1
  227    3    8   17   -1
  228    2   10   19    1
  229    2   10   19   -1
  230    2   10   21    1
  231    2   10   21   -1
  232    1   12   23    1
  233    1   12   23   -1
  234    1   12   25    1
  235    1   12   25   -1
  236    0   14   27    1
  237    0   14   27   -1
  238    0   14   29    1
  239    0   14   29   -1
  240    7    1    1    1
  241    7    1    1   -1
  242    7    1    3    1
  243    7    1    3   -1
  244    6    3    5    1
  245    6    3    5   -1
  246    6    3    7    1
  247    6    3    7   -1
  248    5    5    9    1
  249    5    5    9   -1
  250    5    5   11    1
  251    5    5   11   -1
  252    4    7   13    1
  253    4    7   13   -1
  254    4    7   15    1
  255    4    7   15   -1
  256    3    9   17    1
  257    3    9   17   -1
  258    3    9   19    1
  259    3    9   19   -1
  260    2   11   21    1
  261    2   11   21   -1
  262    2   11   23    1
  263    2   11   23   -1
  264    1   13   25    1
  265    1   13   25   -1
  266    1   13   27    1
  267    1   13   27   -1
  268    0   15   29    1
  269    0   15   29   -1
  270    0   15   31    1
  271    0   15   31   -1
  272    8    0    1    1
  273    8    0    1   -1
  274    7    2    3    1
  275    7    2    3   -1
  276    7    2    5    1
  277    7    2    5   -1
  278    6    4    7    1
  279    6    4    7   -1
  280    6    4    9    1
  281    6    4    9   -1
  282    5    6   11    1
  283    5    6   11   -1
  284    5    6   13    1
  285    5    6   13   -1
  286    4    8   15    1
  287    4    8   15   -1
  288    4    8   17    1
  289    4    8   17   -1
  290    3   10   19    1
  291    3   10   19   -1
  292    3   10   21    1
  293    3   10   21   -1
  294    2   12   23    1
  295    2   12   23   -1
  296    2   12   25    1
  297    2   12   25   -1
  298    1   14   27    1
  299    1   14   27   -1
  300    1   14   29    1
  301    1   14   29   -1
  302    0   16   31    1
  303    0   16   31   -1
  304    0   16   33    1
  305    0   16   33   -1
