#   p  n_p  l_p jj_p
    0    0    0    1
    1    0    1    1
    2    0    1    3
    3    1    0    1
    4    0    2    3
    5    0    2    5
    6    1    1    1
    7    1    1    3
    8    0    3    5
    9    0    3    7
   10    2    0    1
   11    1    2    3
   12    1    2    5
   13    0    4    7
   14    0    4    9
   15    2    1    1
   16    2    1    3
   17    1    3    5
   18    1    3    7
   19    0    5    9
   20    0    5   11
   21    3    0    1
   22    2    2    3
   23    2    2    5
   24    1    4    7
   25    1    4    9
   26    0    6   11
   27    0    6   13
   28    3    1    1
   29    3    1    3
   30    2    3    5
   31    2    3    7
   32    1    5    9
   33    1    5   11
   34    0    7   13
   35    0    7   15
   36    4    0    1
   37    3    2    3
   38    3    2    5
   39    2    4    7
   40    2    4    9
   41    1    6   11
   42    1    6   13
   43    0    8   15
   44    0    8   17
   45    4    1    1
   46    4    1    3
   47    3    3    5
   48    3    3    7
   49    2    5    9
   50    2    5   11
   51    1    7   13
   52    1    7   15
   53    0    9   17
   54    0    9   19
   55    5    0    1
   56    4    2    3
   57    4    2    5
   58    3    4    7
   59    3    4    9
   60    2    6   11
   61    2    6   13
   62    1    8   15
   63    1    8   17
   64    0   10   19
   65    0   10   21
   66    5    1    1
   67    5    1    3
   68    4    3    5
   69    4    3    7
   70    3    5    9
   71    3    5   11
   72    2    7   13
   73    2    7   15
   74    1    9   17
   75    1    9   19
   76    0   11   21
   77    0   11   23
   78    6    0    1
   79    5    2    3
   80    5    2    5
   81    4    4    7
   82    4    4    9
   83    3    6   11
   84    3    6   13
   85    2    8   15
   86    2    8   17
   87    1   10   19
   88    1   10   21
   89    0   12   23
   90    0   12   25
   91    6    1    1
   92    6    1    3
   93    5    3    5
   94    5    3    7
   95    4    5    9
   96    4    5   11
   97    3    7   13
   98    3    7   15
   99    2    9   17
  100    2    9   19
  101    1   11   21
  102    1   11   23
  103    0   13   25
  104    0   13   27
  105    7    0    1
  106    6    2    3
  107    6    2    5
  108    5    4    7
  109    5    4    9
  110    4    6   11
  111    4    6   13
  112    3    8   15
  113    3    8   17
  114    2   10   19
  115    2   10   21
  116    1   12   23
  117    1   12   25
  118    0   14   27
  119    0   14   29
  120    7    1    1
  121    7    1    3
  122    6    3    5
  123    6    3    7
  124    5    5    9
  125    5    5   11
  126    4    7   13
  127    4    7   15
  128    3    9   17
  129    3    9   19
  130    2   11   21
  131    2   11   23
  132    1   13   25
  133    1   13   27
  134    0   15   29
  135    0   15   31
  136    8    0    1
  137    7    2    3
  138    7    2    5
  139    6    4    7
  140    6    4    9
  141    5    6   11
  142    5    6   13
  143    4    8   15
  144    4    8   17
  145    3   10   19
  146    3   10   21
  147    2   12   23
  148    2   12   25
  149    1   14   27
  150    1   14   29
  151    0   16   31
  152    0   16   33
