#   p  n_p  l_p jj_p
    0    0    0    1
    1    0    1    1
    2    0    1    3
    3    1    0    1
    4    0    2    3
    5    0    2    5
    6    1    1    1
    7    1    1    3
    8    0    3    5
    9    0    3    7
   10    2    0    1
   11    1    2    3
   12    1    2    5
   13    0    4    7
   14    0    4    9
   15    2    1    1
   16    2    1    3
   17    1    3    5
   18    1    3    7
   19    0    5    9
   20    0    5   11
   21    3    0    1
   22    2    2    3
   23    2    2    5
   24    1    4    7
   25    1    4    9
   26    0    6   11
   27    0    6   13
